77	676	7
77	709	4
77	1380	3
77	1615	2
77	1723	6
77	1910	2
77	2094	18
77	2169	4
77	2352	12
77	2409	2
77	2634	31
77	2686	4
77	2734	10
77	2789	3
77	2915	2
77	3277	117
77	3516	3
77	3662	3
77	4030	8
77	4334	8
77	4356	4
77	4372	68
77	4517	55
77	4540	4
77	4567	12
77	5068	5
77	5228	2
77	5451	1
77	5595	12
77	5677	2
77	5777	7
77	5880	3
77	6479	6
77	6505	40
77	6580	9
77	6764	20
77	6917	5
77	6941	11
77	6960	10
77	7050	25
77	7113	41
77	7456	3
77	7543	20
77	7697	22
77	7765	2
77	7791	3
77	7800	5
77	7815	2
77	7953	3
77	7981	1
77	8092	2
77	8172	5
77	8470	4
77	8581	3
77	8662	2
676	709	3
676	2094	105
676	2169	2
676	2352	1
676	2463	1
676	2634	44
676	2734	3
676	2915	6
676	3277	66
676	3926	16
676	4030	5
676	4334	3
676	4356	17
676	4372	36
676	4517	45
676	4540	17
676	4567	91
676	5068	1
676	5228	3
676	5595	4
676	5721	1
676	5777	1
676	6479	5
676	6505	42
676	6580	2
676	6761	2
676	6764	3
676	6917	7
676	6941	2
676	6960	4
676	7050	13
676	7113	49
676	7456	24
676	7543	3
676	7697	38
676	7765	7
676	8092	2
676	8172	4
709	1380	1
709	1615	2
709	1723	1
709	1910	4
709	2094	4
709	2169	3
709	2352	3
709	2463	8
709	2634	32
709	2686	8
709	2734	12
709	2789	26
709	2915	10
709	3277	166
709	3516	2
709	3662	9
709	3926	1
709	4030	7
709	4334	5
709	4356	2
709	4372	31
709	4517	49
709	4540	24
709	4567	3
709	4767	4
709	5068	1
709	5228	2
709	5389	10
709	5451	8
709	5677	4
709	5721	4
709	5777	32
709	5880	3
709	6479	18
709	6505	19
709	6580	2
709	6761	10
709	6764	13
709	6917	4
709	6941	4
709	6960	7
709	7050	26
709	7113	42
709	7456	9
709	7543	5
709	7697	20
709	7765	14
709	7800	3
709	7815	3
709	7953	4
709	7981	2
709	8092	6
709	8172	6
709	8470	3
709	8662	7
1380	1723	13
1380	1910	11
1380	2169	2
1380	2409	2
1380	2463	3
1380	2634	20
1380	2686	7
1380	2734	16
1380	2789	9
1380	2915	5
1380	3277	99
1380	4030	3
1380	4334	1
1380	4356	1
1380	4372	7
1380	4517	13
1380	4540	1
1380	4771	3
1380	5068	3
1380	5228	6
1380	5389	6
1380	5451	3
1380	5677	6
1380	5777	13
1380	5880	3
1380	6479	1
1380	6505	8
1380	6580	3
1380	6761	2
1380	6764	7
1380	6941	4
1380	6960	1
1380	7050	9
1380	7113	22
1380	7456	17
1380	7543	1
1380	7697	5
1380	7791	6
1380	7815	1
1380	7953	3
1380	7981	2
1380	8092	3
1380	8172	1
1380	8470	3
1380	8581	7
1380	8662	2
1615	1910	1
1615	2169	2
1615	2463	3
1615	2634	23
1615	2686	19
1615	2734	1
1615	2789	9
1615	2915	6
1615	3277	84
1615	4030	1
1615	4334	5
1615	4372	1
1615	4517	13
1615	4540	4
1615	4567	1
1615	4767	3
1615	5228	3
1615	5451	6
1615	5677	2
1615	5777	16
1615	5880	2
1615	6479	3
1615	6505	19
1615	6580	1
1615	6761	1
1615	6764	9
1615	6960	5
1615	7050	10
1615	7113	13
1615	7456	18
1615	7697	4
1615	7765	3
1615	7815	1
1615	7953	5
1615	8092	9
1615	8172	9
1615	8470	4
1615	8581	13
1615	8662	12
1723	1910	44
1723	2094	3
1723	2169	6
1723	2352	3
1723	2409	2
1723	2463	1
1723	2634	38
1723	2686	8
1723	2734	9
1723	2789	9
1723	2915	3
1723	3277	154
1723	3516	1
1723	4030	10
1723	4334	7
1723	4372	66
1723	4517	51
1723	4540	6
1723	4567	5
1723	4771	15
1723	5068	6
1723	5389	1
1723	5451	6
1723	5677	10
1723	5777	19
1723	5880	1
1723	6479	6
1723	6505	38
1723	6580	8
1723	6764	22
1723	6917	6
1723	6941	2
1723	6960	13
1723	7050	47
1723	7113	52
1723	7456	1
1723	7543	16
1723	7697	26
1723	7765	2
1723	7800	3
1723	7815	4
1723	7953	1
1723	8092	6
1723	8172	5
1723	8470	6
1723	8581	2
1723	8662	6
1910	2169	7
1910	2352	1
1910	2409	1
1910	2463	2
1910	2634	27
1910	2686	3
1910	2734	2
1910	2789	10
1910	2915	4
1910	3277	115
1910	3516	1
1910	3662	2
1910	4030	4
1910	4334	2
1910	4356	1
1910	4372	12
1910	4517	28
1910	4540	3
1910	4771	10
1910	5068	3
1910	5228	1
1910	5389	3
1910	5451	2
1910	5677	1
1910	5721	1
1910	5777	12
1910	5880	4
1910	6479	5
1910	6505	8
1910	6580	4
1910	6764	4
1910	6917	2
1910	6941	4
1910	6960	3
1910	7050	4
1910	7113	19
1910	7456	5
1910	7543	1
1910	7697	1
1910	7765	3
1910	7791	3
1910	7953	1
1910	7981	1
1910	8092	7
1910	8172	4
1910	8470	4
1910	8581	2
1910	8662	8
2094	2169	1
2094	2352	4
2094	2409	10
2094	2634	94
2094	2686	3
2094	2734	4
2094	2915	9
2094	3277	168
2094	3926	81
2094	4030	13
2094	4334	3
2094	4356	28
2094	4372	80
2094	4517	102
2094	4540	22
2094	4567	248
2094	5228	2
2094	5451	9
2094	5595	3
2094	5677	1
2094	5777	4
2094	6479	8
2094	6505	81
2094	6580	20
2094	6761	4
2094	6764	13
2094	6917	16
2094	6941	5
2094	6960	15
2094	7050	34
2094	7113	103
2094	7456	62
2094	7543	15
2094	7697	67
2094	7765	4
2094	7791	1
2094	7815	2
2094	8092	2
2094	8172	5
2094	8470	1
2094	8662	1
2169	2352	1
2169	2463	6
2169	2634	19
2169	2686	4
2169	2734	4
2169	2789	8
2169	2915	13
2169	3277	117
2169	4030	1
2169	4334	9
2169	4356	1
2169	4372	21
2169	4517	30
2169	4540	14
2169	4567	2
2169	4767	3
2169	5068	4
2169	5228	1
2169	5389	6
2169	5451	5
2169	5677	3
2169	5777	9
2169	5880	3
2169	6479	22
2169	6505	10
2169	6580	3
2169	6761	1
2169	6764	13
2169	6917	3
2169	6941	5
2169	6960	10
2169	7050	28
2169	7113	35
2169	7456	9
2169	7543	8
2169	7697	11
2169	7765	5
2169	7800	1
2169	7815	1
2169	7953	1
2169	8092	14
2169	8172	4
2169	8470	3
2169	8581	1
2169	8662	13
2352	2409	1
2352	2634	17
2352	2686	1
2352	2734	4
2352	2789	1
2352	2915	4
2352	3277	57
2352	3516	14
2352	3662	9
2352	4030	7
2352	4334	1
2352	4372	64
2352	4517	56
2352	4540	3
2352	4567	1
2352	4771	3
2352	5068	5
2352	5228	2
2352	5389	2
2352	5451	1
2352	5595	3
2352	5677	5
2352	5721	11
2352	5777	8
2352	6479	3
2352	6505	25
2352	6580	15
2352	6764	7
2352	6917	1
2352	6941	6
2352	6960	5
2352	7050	22
2352	7113	54
2352	7543	26
2352	7697	33
2352	7765	3
2352	7800	11
2352	7815	1
2352	8092	4
2352	8172	2
2352	8470	1
2352	8581	1
2352	8662	1
2409	2463	4
2409	2634	20
2409	2686	3
2409	2734	5
2409	2789	12
2409	2915	2
2409	3277	68
2409	3516	1
2409	3926	5
2409	4030	3
2409	4334	2
2409	4356	2
2409	4372	6
2409	4517	22
2409	4567	8
2409	4767	2
2409	4771	2
2409	5068	1
2409	5228	3
2409	5451	7
2409	5677	4
2409	5721	1
2409	5777	6
2409	5880	3
2409	6479	12
2409	6505	13
2409	6580	2
2409	6761	1
2409	6764	2
2409	6917	1
2409	6941	5
2409	6960	5
2409	7050	11
2409	7113	22
2409	7456	14
2409	7697	4
2409	7765	3
2409	7791	2
2409	7815	1
2409	7953	2
2409	7981	1
2409	8092	3
2409	8172	3
2409	8470	5
2409	8581	5
2463	2634	24
2463	2686	7
2463	2734	7
2463	2789	19
2463	2915	1
2463	3277	123
2463	4030	3
2463	4334	7
2463	4356	2
2463	4372	12
2463	4517	32
2463	4540	2
2463	4767	2
2463	4771	12
2463	5068	4
2463	5228	11
2463	5451	10
2463	5677	13
2463	5721	2
2463	5777	16
2463	5880	6
2463	6479	26
2463	6505	8
2463	6761	3
2463	6764	18
2463	6917	3
2463	6941	3
2463	6960	9
2463	7050	40
2463	7113	46
2463	7456	17
2463	7543	9
2463	7697	10
2463	7765	10
2463	7953	2
2463	8092	5
2463	8172	3
2463	8470	3
2463	8581	6
2463	8662	1
2634	2686	88
2634	2734	50
2634	2789	93
2634	2915	22
2634	3277	864
2634	3516	1
2634	3662	7
2634	3926	32
2634	4030	37
2634	4334	22
2634	4356	21
2634	4372	168
2634	4517	225
2634	4540	18
2634	4567	76
2634	4767	46
2634	4771	9
2634	5068	23
2634	5228	27
2634	5389	23
2634	5451	33
2634	5595	26
2634	5677	31
2634	5721	23
2634	5777	108
2634	5880	25
2634	6479	38
2634	6505	124
2634	6580	25
2634	6761	18
2634	6764	76
2634	6917	20
2634	6941	39
2634	6960	40
2634	7050	142
2634	7113	248
2634	7456	80
2634	7543	39
2634	7697	125
2634	7765	35
2634	7791	9
2634	7800	4
2634	7815	16
2634	7953	32
2634	7981	11
2634	8092	21
2634	8172	16
2634	8470	28
2634	8581	31
2634	8662	19
2686	2734	21
2686	2789	25
2686	2915	3
2686	3277	311
2686	3926	2
2686	4030	6
2686	4334	14
2686	4372	24
2686	4517	21
2686	4540	4
2686	4567	5
2686	4767	7
2686	5068	7
2686	5228	10
2686	5451	7
2686	5677	8
2686	5721	1
2686	5777	29
2686	5880	6
2686	6479	6
2686	6505	29
2686	6580	2
2686	6761	5
2686	6764	22
2686	6917	3
2686	6941	9
2686	6960	10
2686	7050	37
2686	7113	36
2686	7456	29
2686	7543	11
2686	7697	22
2686	7765	11
2686	7791	5
2686	7800	1
2686	7815	4
2686	7953	14
2686	7981	7
2686	8092	3
2686	8172	3
2686	8470	11
2686	8581	23
2686	8662	4
2734	2789	40
2734	2915	11
2734	3277	287
2734	3662	4
2734	3926	3
2734	4030	6
2734	4334	11
2734	4356	3
2734	4372	41
2734	4517	44
2734	4540	13
2734	4567	4
2734	4767	6
2734	5068	5
2734	5228	9
2734	5389	6
2734	5451	18
2734	5677	20
2734	5721	6
2734	5777	29
2734	5880	10
2734	6479	20
2734	6505	23
2734	6580	5
2734	6761	5
2734	6764	21
2734	6917	6
2734	6941	4
2734	6960	5
2734	7050	49
2734	7113	54
2734	7456	20
2734	7543	9
2734	7697	36
2734	7765	9
2734	7791	8
2734	7800	1
2734	7815	2
2734	7953	4
2734	7981	2
2734	8092	8
2734	8172	4
2734	8470	10
2734	8581	14
2734	8662	10
2789	2915	21
2789	3277	520
2789	3662	3
2789	4030	5
2789	4334	25
2789	4356	2
2789	4372	43
2789	4517	80
2789	4540	2
2789	4567	2
2789	4767	8
2789	4771	1
2789	5068	6
2789	5228	13
2789	5389	6
2789	5451	28
2789	5677	21
2789	5721	4
2789	5777	115
2789	5880	19
2789	6479	27
2789	6505	21
2789	6580	11
2789	6761	24
2789	6764	35
2789	6917	4
2789	6941	4
2789	6960	19
2789	7050	76
2789	7113	83
2789	7456	41
2789	7543	14
2789	7697	26
2789	7765	13
2789	7791	8
2789	7800	2
2789	7815	4
2789	7953	9
2789	7981	5
2789	8092	26
2789	8172	5
2789	8470	18
2789	8581	17
2789	8662	21
2915	3277	160
2915	3516	2
2915	3926	3
2915	4030	2
2915	4334	10
2915	4372	23
2915	4517	31
2915	4540	34
2915	4567	4
2915	5068	3
2915	5389	2
2915	5451	3
2915	5677	1
2915	5777	13
2915	5880	1
2915	6479	28
2915	6505	13
2915	6580	12
2915	6761	4
2915	6764	15
2915	6917	4
2915	6941	3
2915	6960	5
2915	7050	19
2915	7113	31
2915	7456	6
2915	7543	8
2915	7697	13
2915	7765	12
2915	7791	1
2915	7800	2
2915	7815	7
2915	7953	1
2915	8092	10
2915	8172	9
2915	8470	3
2915	8581	1
2915	8662	9
3277	3516	33
3277	3662	47
3277	3926	41
3277	4030	137
3277	4334	192
3277	4356	61
3277	4372	590
3277	4517	1016
3277	4540	178
3277	4567	187
3277	4767	96
3277	4771	101
3277	5068	107
3277	5228	144
3277	5389	270
3277	5451	181
3277	5595	79
3277	5677	254
3277	5721	60
3277	5777	599
3277	5880	288
3277	6479	241
3277	6505	511
3277	6580	111
3277	6761	84
3277	6764	381
3277	6917	104
3277	6941	149
3277	6960	154
3277	7050	806
3277	7113	1102
3277	7456	345
3277	7543	204
3277	7697	462
3277	7765	142
3277	7791	110
3277	7800	52
3277	7815	58
3277	7953	97
3277	7981	81
3277	8092	246
3277	8172	95
3277	8470	124
3277	8581	150
3277	8662	117
3516	3662	33
3516	4030	2
3516	4356	3
3516	4372	33
3516	4517	60
3516	4540	1
3516	4771	5
3516	5068	1
3516	5451	3
3516	5777	2
3516	6479	8
3516	6505	8
3516	6941	2
3516	7050	9
3516	7113	29
3516	7543	8
3516	7697	41
3516	7800	36
3516	8092	1
3516	8172	2
3516	8470	1
3662	4030	4
3662	4356	3
3662	4372	32
3662	4517	48
3662	5068	2
3662	5451	4
3662	5721	1
3662	5777	6
3662	5880	2
3662	6479	10
3662	6505	5
3662	6764	2
3662	6917	3
3662	6941	4
3662	6960	4
3662	7050	16
3662	7113	25
3662	7543	9
3662	7697	22
3662	7765	4
3662	7800	15
3662	7815	1
3662	7953	1
3662	8172	5
3662	8470	2
3926	4030	2
3926	4334	3
3926	4356	7
3926	4372	11
3926	4517	32
3926	4540	4
3926	4567	66
3926	5068	1
3926	5451	2
3926	5777	4
3926	6479	3
3926	6505	16
3926	6580	2
3926	6761	3
3926	6764	1
3926	6917	4
3926	6941	4
3926	6960	3
3926	7050	11
3926	7113	27
3926	7456	13
3926	7697	17
3926	7791	1
3926	7815	2
3926	8092	1
3926	8172	2
3926	8470	1
4030	4334	3
4030	4356	6
4030	4372	75
4030	4517	71
4030	4540	6
4030	4567	15
4030	4767	4
4030	4771	3
4030	5068	18
4030	5228	6
4030	5389	1
4030	5451	3
4030	5595	1
4030	5677	5
4030	5721	3
4030	5777	15
4030	5880	1
4030	6479	10
4030	6505	49
4030	6580	3
4030	6761	2
4030	6764	15
4030	6917	12
4030	6941	28
4030	6960	5
4030	7050	26
4030	7113	58
4030	7456	13
4030	7543	11
4030	7697	26
4030	7765	6
4030	7800	6
4030	7815	6
4030	7953	3
4030	8092	2
4030	8172	3
4030	8470	6
4030	8581	6
4030	8662	2
4334	4372	25
4334	4517	32
4334	4540	11
4334	4567	4
4334	4767	2
4334	5068	3
4334	5228	1
4334	5389	1
4334	5451	9
4334	5677	5
4334	5777	9
4334	5880	2
4334	6479	6
4334	6505	33
4334	6580	4
4334	6761	4
4334	6764	24
4334	6917	2
4334	6960	6
4334	7050	42
4334	7113	52
4334	7456	20
4334	7543	6
4334	7697	16
4334	7765	5
4334	7791	3
4334	7800	1
4334	7815	9
4334	7981	1
4334	8092	9
4334	8172	3
4334	8470	6
4334	8581	6
4334	8662	5
4356	4372	27
4356	4517	37
4356	4540	7
4356	4567	25
4356	5068	2
4356	5228	5
4356	5451	4
4356	5677	2
4356	5721	1
4356	5777	4
4356	5880	1
4356	6479	5
4356	6505	10
4356	6580	2
4356	6764	4
4356	6917	8
4356	6941	2
4356	6960	4
4356	7050	16
4356	7113	32
4356	7456	17
4356	7543	2
4356	7697	29
4356	7765	2
4356	7800	1
4356	7815	5
4356	8172	2
4356	8581	2
4372	4517	488
4372	4540	23
4372	4567	59
4372	4767	11
4372	4771	4
4372	5068	69
4372	5228	16
4372	5389	8
4372	5451	37
4372	5595	47
4372	5677	39
4372	5721	13
4372	5777	117
4372	5880	5
4372	6479	57
4372	6505	113
4372	6580	54
4372	6761	9
4372	6764	66
4372	6917	65
4372	6941	103
4372	6960	92
4372	7050	229
4372	7113	314
4372	7456	36
4372	7543	111
4372	7697	233
4372	7765	38
4372	7791	3
4372	7800	52
4372	7815	17
4372	7953	2
4372	8092	28
4372	8172	39
4372	8470	28
4372	8581	9
4372	8662	21
4517	4540	29
4517	4567	86
4517	4767	7
4517	4771	13
4517	5068	57
4517	5228	35
4517	5389	14
4517	5451	46
4517	5595	37
4517	5677	46
4517	5721	17
4517	5777	126
4517	5880	11
4517	6479	82
4517	6505	125
4517	6580	40
4517	6761	15
4517	6764	69
4517	6917	56
4517	6941	80
4517	6960	73
4517	7050	253
4517	7113	371
4517	7456	74
4517	7543	91
4517	7697	218
4517	7765	57
4517	7791	9
4517	7800	57
4517	7815	17
4517	7953	18
4517	7981	4
4517	8092	43
4517	8172	37
4517	8470	32
4517	8581	17
4517	8662	25
4540	4567	22
4540	4771	1
4540	5068	2
4540	5228	1
4540	5389	3
4540	5451	4
4540	5595	1
4540	5677	3
4540	5721	2
4540	5777	2
4540	6479	27
4540	6505	47
4540	6761	8
4540	6764	28
4540	6917	8
4540	6941	2
4540	6960	5
4540	7050	20
4540	7113	73
4540	7456	12
4540	7697	19
4540	7765	13
4540	7815	4
4540	7981	5
4540	8092	25
4540	8172	12
4540	8581	2
4540	8662	14
4567	5068	2
4567	5228	1
4567	5389	3
4567	5451	7
4567	5595	2
4567	5677	1
4567	5777	5
4567	6479	3
4567	6505	86
4567	6580	9
4567	6761	5
4567	6764	13
4567	6917	18
4567	6941	7
4567	6960	13
4567	7050	30
4567	7113	88
4567	7456	57
4567	7543	4
4567	7697	52
4567	7765	3
4567	7815	4
4567	7953	1
4567	8092	7
4567	8172	4
4567	8470	2
4567	8581	1
4567	8662	2
4767	5068	1
4767	5228	1
4767	5389	6
4767	5451	3
4767	5677	1
4767	5777	7
4767	5880	2
4767	6505	16
4767	6761	2
4767	6764	19
4767	6941	4
4767	6960	2
4767	7050	11
4767	7113	41
4767	7456	22
4767	7697	10
4767	7765	3
4767	7791	1
4767	7953	4
4767	8470	6
4767	8581	3
4767	8662	1
4771	5228	1
4771	5595	2
4771	5677	18
4771	5777	10
4771	5880	5
4771	6479	28
4771	6505	6
4771	6764	11
4771	6960	2
4771	7050	9
4771	7113	10
4771	7543	8
4771	7697	9
4771	7765	9
4771	7791	1
4771	7800	2
4771	8092	5
4771	8172	2
5068	5228	1
5068	5451	2
5068	5595	2
5068	5677	7
5068	5721	2
5068	5777	19
5068	5880	2
5068	6479	12
5068	6505	19
5068	6580	5
5068	6761	1
5068	6764	8
5068	6917	4
5068	6941	25
5068	6960	12
5068	7050	32
5068	7113	49
5068	7456	9
5068	7543	20
5068	7697	26
5068	7765	6
5068	7791	1
5068	7800	12
5068	7815	4
5068	7953	1
5068	8092	5
5068	8172	5
5068	8470	4
5068	8581	4
5068	8662	4
5228	5389	1
5228	5451	8
5228	5677	11
5228	5721	2
5228	5777	18
5228	5880	2
5228	6479	1
5228	6505	10
5228	6764	14
5228	6917	6
5228	6941	1
5228	6960	2
5228	7050	43
5228	7113	52
5228	7456	9
5228	7543	2
5228	7697	25
5228	7765	3
5228	7815	1
5228	7953	2
5228	8092	2
5228	8470	4
5228	8581	7
5389	5451	1
5389	5595	8
5389	5677	3
5389	5777	10
5389	5880	62
5389	6479	1
5389	6505	8
5389	6580	6
5389	6761	2
5389	6764	5
5389	7050	32
5389	7113	26
5389	7456	11
5389	7543	7
5389	7697	4
5389	7791	1
5389	8092	39
5389	8470	1
5389	8581	1
5389	8662	4
5451	5595	11
5451	5677	10
5451	5721	2
5451	5777	20
5451	5880	6
5451	6479	15
5451	6505	12
5451	6580	2
5451	6761	2
5451	6764	18
5451	6917	7
5451	6941	5
5451	6960	10
5451	7050	64
5451	7113	60
5451	7456	17
5451	7543	13
5451	7697	20
5451	7765	8
5451	7800	4
5451	7815	1
5451	7981	1
5451	8092	10
5451	8172	6
5451	8470	10
5451	8581	6
5451	8662	6
5595	6505	35
5595	6764	1
5595	6917	2
5595	6941	4
5595	6960	2
5595	7050	1
5595	7113	21
5595	7543	2
5595	7697	30
5595	8092	1
5595	8172	2
5677	5721	5
5677	5777	48
5677	5880	10
5677	6479	33
5677	6505	18
5677	6580	2
5677	6761	1
5677	6764	22
5677	6917	4
5677	6941	1
5677	6960	7
5677	7050	63
5677	7113	63
5677	7456	17
5677	7543	14
5677	7697	30
5677	7765	6
5677	7791	7
5677	7800	1
5677	7815	2
5677	7953	1
5677	7981	1
5677	8092	11
5677	8172	6
5677	8470	10
5677	8581	7
5677	8662	3
5721	5777	6
5721	5880	1
5721	6479	5
5721	6505	12
5721	6580	4
5721	6917	3
5721	6941	4
5721	6960	3
5721	7050	10
5721	7113	34
5721	7456	1
5721	7543	1
5721	7697	20
5721	7765	4
5721	7791	1
5721	7815	1
5721	7981	1
5721	8092	3
5721	8172	4
5721	8470	2
5721	8581	3
5721	8662	2
5777	5880	28
5777	6479	26
5777	6505	33
5777	6580	29
5777	6761	37
5777	6764	40
5777	6917	11
5777	6941	29
5777	6960	22
5777	7050	139
5777	7113	157
5777	7456	35
5777	7543	45
5777	7697	72
5777	7765	32
5777	7791	14
5777	7800	8
5777	7815	5
5777	7953	26
5777	7981	10
5777	8092	34
5777	8172	30
5777	8470	24
5777	8581	18
5777	8662	24
5880	6479	6
5880	6505	7
5880	6580	2
5880	6761	1
5880	6764	7
5880	6917	1
5880	6941	3
5880	6960	7
5880	7050	42
5880	7113	21
5880	7456	13
5880	7543	1
5880	7697	6
5880	7791	6
5880	7953	5
5880	8092	27
5880	8172	3
5880	8470	2
5880	8581	4
5880	8662	5
6479	6505	20
6479	6580	7
6479	6761	7
6479	6764	17
6479	6917	10
6479	6941	11
6479	6960	23
6479	7050	67
6479	7113	61
6479	7456	4
6479	7543	29
6479	7697	37
6479	7765	38
6479	7800	4
6479	7815	5
6479	7953	2
6479	7981	1
6479	8092	47
6479	8172	28
6479	8470	5
6479	8581	1
6479	8662	24
6505	6580	16
6505	6761	14
6505	6764	56
6505	6917	19
6505	6941	44
6505	6960	22
6505	7050	107
6505	7113	195
6505	7456	63
6505	7543	9
6505	7697	90
6505	7765	9
6505	7791	1
6505	7800	8
6505	7815	8
6505	7953	7
6505	7981	3
6505	8092	25
6505	8172	19
6505	8470	13
6505	8581	12
6505	8662	9
6580	6761	1
6580	6764	12
6580	6917	2
6580	6941	6
6580	6960	14
6580	7050	30
6580	7113	40
6580	7456	3
6580	7543	18
6580	7697	16
6580	7765	3
6580	7800	2
6580	7815	3
6580	8092	8
6580	8172	3
6580	8470	3
6580	8662	6
6761	6764	3
6761	6917	1
6761	6941	2
6761	6960	1
6761	7050	9
6761	7113	7
6761	7456	2
6761	7543	1
6761	7697	2
6761	7765	9
6761	7791	1
6761	7815	2
6761	7953	1
6761	8092	3
6761	8172	3
6761	8470	1
6761	8581	1
6764	6917	8
6764	6941	10
6764	6960	24
6764	7050	105
6764	7113	143
6764	7456	29
6764	7543	24
6764	7697	56
6764	7765	10
6764	7791	3
6764	7800	2
6764	7815	5
6764	7953	6
6764	7981	5
6764	8092	15
6764	8172	5
6764	8470	15
6764	8581	14
6764	8662	11
6917	6941	9
6917	6960	9
6917	7050	33
6917	7113	36
6917	7456	6
6917	7543	8
6917	7697	27
6917	7765	4
6917	7800	5
6917	7815	4
6917	8092	3
6917	8172	10
6917	8470	2
6917	8662	4
6941	6960	15
6941	7050	21
6941	7113	58
6941	7456	20
6941	7543	16
6941	7697	28
6941	7765	7
6941	7800	1
6941	7815	1
6941	7953	1
6941	8092	2
6941	8172	10
6941	8470	9
6941	8581	4
6941	8662	3
6960	7050	50
6960	7113	59
6960	7456	13
6960	7543	14
6960	7697	28
6960	7765	11
6960	7800	6
6960	7815	1
6960	7953	2
6960	8092	8
6960	8172	8
6960	8470	7
6960	8581	1
6960	8662	7
7050	7113	334
7050	7456	57
7050	7543	130
7050	7697	160
7050	7765	23
7050	7800	18
7050	7815	4
7050	7953	4
7050	7981	3
7050	8092	49
7050	8172	32
7050	8470	43
7050	8581	17
7050	8662	24
7113	7456	100
7113	7543	100
7113	7697	250
7113	7765	47
7113	7791	6
7113	7800	47
7113	7815	17
7113	7953	2
7113	7981	2
7113	8092	46
7113	8172	41
7113	8470	35
7113	8581	25
7113	8662	22
7456	7543	1
7456	7697	26
7456	7765	3
7456	7815	2
7456	7953	10
7456	7981	6
7456	8092	13
7456	8172	5
7456	8470	9
7456	8581	16
7456	8662	8
7543	7697	55
7543	7765	9
7543	7800	15
7543	8092	12
7543	8172	13
7543	8470	9
7543	8581	2
7543	8662	9
7697	7765	17
7697	7791	2
7697	7800	23
7697	7815	10
7697	7953	2
7697	7981	1
7697	8092	16
7697	8172	21
7697	8470	19
7697	8581	10
7697	8662	8
7765	7791	2
7765	7815	4
7765	7981	4
7765	8092	7
7765	8172	7
7765	8470	7
7765	8581	1
7765	8662	3
7791	7815	1
7791	7953	27
7791	7981	1
7791	8092	6
7791	8172	1
7791	8470	1
7791	8581	3
7791	8662	2
7800	7815	3
7800	8092	2
7800	8172	6
7800	8470	1
7800	8581	1
7800	8662	1
7815	7953	1
7815	8092	3
7815	8470	1
7815	8581	3
7815	8662	1
7953	7981	4
7953	8470	3
7953	8581	5
7953	8662	1
7981	8092	1
7981	8172	1
7981	8470	1
7981	8581	1
8092	8172	20
8092	8470	4
8092	8581	5
8092	8662	22
8172	8470	2
8172	8581	3
8172	8662	11
8470	8581	6
8470	8662	3
8581	8662	2
