80	361	2
80	679	3
80	713	4
80	994	4
80	1391	2
80	1628	2
80	1736	6
80	1777	6
80	1925	1
80	2110	13
80	2185	3
80	2370	9
80	2412	1
80	2428	2
80	2653	24
80	2705	3
80	2753	9
80	2791	1
80	2810	3
80	3017	3
80	3284	6
80	3305	73
80	3545	2
80	3580	2
80	3744	6
80	4064	4
80	4371	5
80	4393	2
80	4410	54
80	4556	46
80	4580	1
80	4608	9
80	5092	1
80	5110	4
80	5270	1
80	5308	4
80	5494	1
80	5638	12
80	5722	1
80	5780	1
80	5824	1
80	6487	1
80	6530	4
80	6556	25
80	6631	7
80	6771	1
80	6816	13
80	6969	5
80	6993	7
80	7013	6
80	7104	14
80	7165	3
80	7167	29
80	7331	7
80	7415	2
80	7510	2
80	7597	12
80	7632	3
80	7753	12
80	7821	1
80	7849	3
80	7858	4
80	7873	2
80	8012	1
80	8051	1
80	8152	2
80	8232	1
80	8233	4
80	8462	2
80	8531	2
80	8642	3
80	8723	2
361	611	3
361	713	1
361	1736	1
361	2074	3
361	2110	1
361	2185	2
361	2412	1
361	2428	1
361	2482	2
361	2653	15
361	2705	5
361	2753	2
361	2773	2
361	2791	1
361	2810	7
361	3028	1
361	3284	2
361	3305	66
361	3744	3
361	4064	11
361	4371	3
361	4410	20
361	4556	15
361	4608	5
361	4808	4
361	5092	5
361	5110	6
361	5432	10
361	5494	1
361	5638	2
361	5722	2
361	5724	1
361	5824	4
361	5927	4
361	6289	1
361	6487	2
361	6530	2
361	6556	17
361	6631	3
361	6771	2
361	6812	4
361	6816	6
361	6969	1
361	6993	14
361	7013	1
361	7104	18
361	7165	2
361	7167	17
361	7331	3
361	7415	4
361	7510	10
361	7597	14
361	7753	3
361	7928	4
361	8051	2
361	8152	7
361	8233	2
361	8531	4
361	8642	4
361	8723	1
611	713	2
611	994	3
611	1391	1
611	1628	14
611	1736	3
611	1777	2
611	1925	3
611	2185	11
611	2265	1
611	2370	1
611	2428	1
611	2482	3
611	2653	11
611	2705	2
611	2753	1
611	2810	3
611	2938	15
611	3017	3
611	3305	52
611	3515	1
611	3744	4
611	4371	8
611	4410	12
611	4556	15
611	4580	1
611	4812	2
611	5092	3
611	5110	2
611	5270	1
611	5432	1
611	5494	3
611	5722	1
611	5724	2
611	5780	2
611	5824	6
611	5927	1
611	6289	6
611	6487	5
611	6530	20
611	6543	3
611	6556	8
611	6631	4
611	6812	1
611	6816	6
611	6969	1
611	7006	1
611	7013	4
611	7104	11
611	7165	1
611	7167	12
611	7307	3
611	7331	1
611	7510	5
611	7597	6
611	7632	1
611	7753	1
611	7811	1
611	7821	5
611	7858	1
611	7873	3
611	8152	7
611	8232	2
611	8233	3
611	8462	1
611	8531	2
611	8642	2
611	8723	4
679	713	3
679	994	11
679	2110	105
679	2185	2
679	2370	1
679	2412	10
679	2482	1
679	2653	44
679	2753	3
679	2938	6
679	3305	66
679	3959	16
679	4064	5
679	4371	3
679	4393	15
679	4410	36
679	4556	45
679	4580	6
679	4608	91
679	5092	1
679	5110	1
679	5270	3
679	5308	1
679	5638	4
679	5767	1
679	6530	5
679	6556	42
679	6631	2
679	6812	2
679	6816	3
679	6969	7
679	6993	2
679	7013	4
679	7104	9
679	7167	49
679	7331	1
679	7415	3
679	7510	24
679	7597	3
679	7753	23
679	7811	2
679	7822	7
679	7928	6
679	8152	2
679	8232	3
679	8233	1
713	994	4
713	1391	1
713	1628	2
713	1777	2
713	1925	2
713	2110	4
713	2185	3
713	2265	1
713	2370	2
713	2482	6
713	2653	24
713	2705	8
713	2753	11
713	2773	2
713	2791	3
713	2810	18
713	2938	6
713	3028	1
713	3284	1
713	3305	87
713	3580	2
713	3959	1
713	4064	4
713	4371	5
713	4410	13
713	4556	31
713	4580	20
713	4608	3
713	4808	4
713	5110	1
713	5270	2
713	5432	10
713	5494	4
713	5722	2
713	5724	2
713	5767	4
713	5780	1
713	5824	10
713	5927	2
713	6487	2
713	6530	12
713	6556	18
713	6631	2
713	6812	9
713	6816	10
713	6969	3
713	6993	4
713	7013	3
713	7104	15
713	7167	28
713	7331	1
713	7415	5
713	7510	9
713	7597	1
713	7632	1
713	7753	11
713	7811	5
713	7821	5
713	7822	6
713	7873	3
713	8012	4
713	8040	2
713	8051	3
713	8152	4
713	8232	3
713	8233	2
713	8462	5
713	8531	2
713	8723	7
994	1628	1
994	1736	14
994	1777	5
994	2074	1
994	2110	13
994	2185	4
994	2370	12
994	2412	1
994	2428	1
994	2482	1
994	2653	38
994	2705	8
994	2753	11
994	2773	2
994	2810	7
994	3017	6
994	3284	1
994	3305	99
994	3515	1
994	3545	21
994	3580	2
994	3959	1
994	4064	12
994	4371	7
994	4393	3
994	4410	81
994	4556	75
994	4580	1
994	4608	9
994	4808	1
994	4812	2
994	5092	3
994	5110	7
994	5270	4
994	5308	2
994	5432	2
994	5494	7
994	5638	29
994	5722	5
994	5724	1
994	5767	3
994	5780	6
994	5824	21
994	6530	10
994	6543	11
994	6556	24
994	6631	8
994	6785	1
994	6812	2
994	6816	14
994	6969	8
994	6993	8
994	7013	11
994	7104	46
994	7165	5
994	7167	76
994	7307	3
994	7331	8
994	7415	1
994	7510	3
994	7597	24
994	7632	6
994	7753	12
994	7811	4
994	7821	2
994	7822	3
994	7858	16
994	7873	2
994	8012	1
994	8040	1
994	8152	5
994	8232	4
994	8233	3
994	8462	1
994	8531	5
994	8642	1
994	8723	4
1391	1736	13
1391	1777	1
1391	1925	8
1391	2074	1
1391	2185	2
1391	2265	3
1391	2428	2
1391	2482	3
1391	2653	16
1391	2705	7
1391	2753	16
1391	2773	4
1391	2791	3
1391	2810	9
1391	2938	4
1391	3017	2
1391	3028	1
1391	3305	78
1391	4064	1
1391	4371	1
1391	4410	7
1391	4556	13
1391	4812	3
1391	5110	3
1391	5270	6
1391	5432	6
1391	5494	3
1391	5722	5
1391	5724	1
1391	5824	8
1391	5927	3
1391	6530	1
1391	6543	1
1391	6556	8
1391	6631	3
1391	6771	4
1391	6785	3
1391	6812	1
1391	6816	7
1391	6993	4
1391	7006	8
1391	7013	1
1391	7104	7
1391	7165	1
1391	7167	22
1391	7510	17
1391	7597	1
1391	7753	5
1391	7811	1
1391	7849	6
1391	7873	1
1391	7928	1
1391	8012	3
1391	8040	2
1391	8051	2
1391	8152	3
1391	8233	1
1391	8462	1
1391	8531	3
1391	8642	7
1391	8723	2
1628	1777	2
1628	1925	1
1628	2074	2
1628	2185	2
1628	2482	3
1628	2653	22
1628	2705	19
1628	2753	1
1628	2773	1
1628	2791	5
1628	2810	7
1628	2938	2
1628	3305	72
1628	3580	16
1628	3744	1
1628	4064	1
1628	4371	5
1628	4410	1
1628	4556	13
1628	4580	4
1628	4608	1
1628	4808	3
1628	5092	1
1628	5270	3
1628	5494	6
1628	5724	2
1628	5824	7
1628	5927	2
1628	6487	12
1628	6530	3
1628	6556	19
1628	6631	1
1628	6771	1
1628	6812	1
1628	6816	9
1628	7013	4
1628	7104	10
1628	7165	1
1628	7167	13
1628	7307	8
1628	7510	18
1628	7753	3
1628	7811	1
1628	7822	3
1628	7873	1
1628	7928	1
1628	8012	5
1628	8051	5
1628	8152	9
1628	8232	7
1628	8233	2
1628	8531	4
1628	8642	13
1628	8723	12
1736	1777	7
1736	1925	12
1736	2074	2
1736	2110	3
1736	2185	6
1736	2370	3
1736	2412	3
1736	2428	2
1736	2482	1
1736	2653	37
1736	2705	8
1736	2753	9
1736	2773	1
1736	2791	1
1736	2810	9
1736	3017	7
1736	3305	127
1736	3545	1
1736	3580	3
1736	3744	1
1736	4064	9
1736	4371	7
1736	4410	66
1736	4556	51
1736	4608	5
1736	4812	15
1736	5092	3
1736	5110	6
1736	5308	2
1736	5432	1
1736	5494	6
1736	5722	8
1736	5724	2
1736	5780	6
1736	5824	19
1736	5927	1
1736	6530	6
1736	6543	9
1736	6556	38
1736	6631	8
1736	6816	22
1736	6969	6
1736	6993	2
1736	7013	9
1736	7104	46
1736	7165	3
1736	7167	52
1736	7307	3
1736	7331	7
1736	7415	3
1736	7510	1
1736	7597	16
1736	7632	4
1736	7753	9
1736	7821	2
1736	7858	3
1736	7873	4
1736	8012	1
1736	8051	1
1736	8152	6
1736	8232	1
1736	8233	4
1736	8531	6
1736	8642	2
1736	8723	6
1777	1925	1
1777	2110	1
1777	2185	8
1777	2370	3
1777	2412	1
1777	2428	2
1777	2482	3
1777	2653	13
1777	2705	4
1777	2753	3
1777	2791	1
1777	2810	5
1777	2938	1
1777	3017	4
1777	3305	64
1777	3580	3
1777	4064	3
1777	4371	6
1777	4410	24
1777	4556	26
1777	4580	1
1777	4608	1
1777	5092	4
1777	5110	4
1777	5432	2
1777	5494	5
1777	5722	2
1777	5780	2
1777	5824	8
1777	6289	3
1777	6530	11
1777	6543	3
1777	6556	12
1777	6631	4
1777	6812	1
1777	6816	9
1777	6969	3
1777	6993	3
1777	7013	8
1777	7104	23
1777	7165	2
1777	7167	22
1777	7307	1
1777	7331	6
1777	7510	4
1777	7597	11
1777	7632	1
1777	7753	3
1777	7811	1
1777	7821	4
1777	7849	1
1777	7858	1
1777	7873	1
1777	8012	2
1777	8152	7
1777	8233	4
1777	8531	3
1777	8723	5
1925	2185	7
1925	2265	1
1925	2370	1
1925	2482	1
1925	2653	16
1925	2705	2
1925	2753	1
1925	2773	2
1925	2810	10
1925	2938	3
1925	3017	3
1925	3284	4
1925	3305	62
1925	3744	3
1925	4064	1
1925	4371	2
1925	4410	6
1925	4556	15
1925	4580	1
1925	4812	2
1925	5110	2
1925	5270	1
1925	5432	3
1925	5494	1
1925	5722	1
1925	5824	6
1925	5927	4
1925	6289	4
1925	6530	5
1925	6543	2
1925	6556	3
1925	6631	4
1925	6816	2
1925	6993	3
1925	7013	1
1925	7104	2
1925	7167	7
1925	7307	2
1925	7510	5
1925	7753	1
1925	7821	1
1925	7849	3
1925	8012	1
1925	8040	1
1925	8051	1
1925	8152	4
1925	8233	2
1925	8531	3
1925	8642	2
1925	8723	7
2074	2428	1
2074	2482	1
2074	2653	14
2074	2705	8
2074	2753	8
2074	2791	3
2074	2810	16
2074	3305	66
2074	4064	3
2074	4371	6
2074	4410	6
2074	4556	3
2074	4808	5
2074	4812	1
2074	5110	4
2074	5270	1
2074	5308	1
2074	5494	4
2074	5722	4
2074	5724	3
2074	5780	3
2074	5824	4
2074	6530	1
2074	6543	2
2074	6556	12
2074	6771	1
2074	6785	2
2074	6816	7
2074	6993	3
2074	7006	2
2074	7104	12
2074	7165	1
2074	7167	10
2074	7307	2
2074	7510	5
2074	7597	2
2074	7753	8
2074	7822	1
2074	7873	1
2074	8012	5
2074	8040	1
2074	8051	3
2074	8462	1
2074	8531	3
2074	8642	7
2110	2185	1
2110	2370	4
2110	2412	7
2110	2428	10
2110	2653	94
2110	2705	3
2110	2753	4
2110	2938	9
2110	3284	4
2110	3305	159
2110	3959	81
2110	4064	8
2110	4371	3
2110	4393	23
2110	4410	80
2110	4556	102
2110	4580	8
2110	4608	248
2110	5092	1
2110	5270	2
2110	5308	1
2110	5494	9
2110	5638	3
2110	5722	1
2110	5824	1
2110	6530	8
2110	6556	81
2110	6631	20
2110	6812	2
2110	6816	13
2110	6969	16
2110	6993	5
2110	7013	14
2110	7104	26
2110	7167	103
2110	7331	14
2110	7415	19
2110	7510	62
2110	7597	15
2110	7753	34
2110	7822	4
2110	7849	1
2110	7873	2
2110	7928	13
2110	8051	2
2110	8152	2
2110	8232	4
2110	8233	1
2110	8531	1
2110	8723	1
2185	2265	1
2185	2370	1
2185	2412	3
2185	2482	6
2185	2653	18
2185	2705	4
2185	2753	4
2185	2773	1
2185	2791	3
2185	2810	8
2185	2938	11
2185	3017	4
2185	3284	1
2185	3305	91
2185	3744	3
2185	4064	1
2185	4371	9
2185	4393	1
2185	4410	21
2185	4556	30
2185	4580	11
2185	4608	2
2185	4808	3
2185	5092	4
2185	5110	4
2185	5270	1
2185	5432	6
2185	5494	5
2185	5722	3
2185	5780	2
2185	5824	7
2185	5927	3
2185	6289	8
2185	6487	1
2185	6530	22
2185	6543	3
2185	6556	10
2185	6631	3
2185	6771	2
2185	6785	1
2185	6812	1
2185	6816	13
2185	6969	3
2185	6993	5
2185	7013	8
2185	7104	23
2185	7165	1
2185	7167	35
2185	7307	1
2185	7331	1
2185	7510	9
2185	7597	8
2185	7632	1
2185	7753	5
2185	7811	3
2185	7821	5
2185	7858	1
2185	7873	1
2185	8012	1
2185	8051	1
2185	8152	11
2185	8232	1
2185	8233	3
2185	8531	3
2185	8642	1
2185	8723	13
2265	2482	2
2265	2653	4
2265	2753	3
2265	2810	3
2265	3028	3
2265	3305	45
2265	3744	25
2265	4371	16
2265	4410	1
2265	4556	18
2265	5780	1
2265	6289	19
2265	6530	5
2265	6556	3
2265	6631	6
2265	6816	2
2265	7167	2
2265	7510	18
2265	8152	3
2370	2428	1
2370	2653	17
2370	2705	1
2370	2753	4
2370	2810	1
2370	3017	3
2370	3028	3
2370	3284	10
2370	3305	49
2370	3515	3
2370	3545	10
2370	3744	1
2370	4064	7
2370	4371	1
2370	4410	64
2370	4556	56
2370	4580	3
2370	4608	1
2370	4812	3
2370	5092	1
2370	5110	5
2370	5270	2
2370	5308	13
2370	5432	2
2370	5494	1
2370	5638	3
2370	5722	1
2370	5724	4
2370	5767	11
2370	5780	6
2370	5824	6
2370	6530	3
2370	6543	3
2370	6556	25
2370	6631	15
2370	6816	7
2370	6969	1
2370	6993	6
2370	7013	3
2370	7104	18
2370	7165	1
2370	7167	54
2370	7307	1
2370	7331	16
2370	7597	26
2370	7632	3
2370	7753	20
2370	7811	1
2370	7821	2
2370	7822	1
2370	7858	11
2370	7873	1
2370	8051	1
2370	8152	4
2370	8233	2
2370	8462	6
2370	8531	1
2370	8642	1
2370	8723	1
2412	2653	11
2412	2705	1
2412	2753	1
2412	3017	2
2412	3305	42
2412	4064	4
2412	4371	1
2412	4410	12
2412	4556	17
2412	4580	4
2412	4608	16
2412	5110	1
2412	5494	1
2412	5722	1
2412	5824	2
2412	6530	1
2412	6556	31
2412	6812	4
2412	6816	2
2412	6969	8
2412	6993	2
2412	7104	2
2412	7165	4
2412	7167	11
2412	7331	1
2412	7415	15
2412	7510	5
2412	7597	2
2412	7753	3
2412	7873	3
2412	8152	1
2412	8723	1
2428	2482	4
2428	2653	18
2428	2705	3
2428	2753	5
2428	2773	2
2428	2810	12
2428	3017	1
2428	3028	1
2428	3284	1
2428	3305	52
2428	3545	1
2428	3580	1
2428	3744	3
2428	3959	5
2428	4064	3
2428	4371	2
2428	4410	6
2428	4556	22
2428	4608	8
2428	4808	2
2428	4812	2
2428	5092	1
2428	5110	1
2428	5270	3
2428	5308	1
2428	5494	7
2428	5722	2
2428	5724	2
2428	5767	1
2428	5780	1
2428	5824	5
2428	5927	3
2428	6530	12
2428	6543	1
2428	6556	13
2428	6631	2
2428	6771	4
2428	6812	1
2428	6816	2
2428	6969	1
2428	6993	5
2428	7006	2
2428	7013	4
2428	7104	9
2428	7165	4
2428	7167	22
2428	7415	4
2428	7510	14
2428	7753	3
2428	7811	2
2428	7821	3
2428	7849	2
2428	7873	1
2428	7928	1
2428	8012	2
2428	8040	1
2428	8051	4
2428	8152	3
2428	8233	3
2428	8462	2
2428	8531	5
2428	8642	5
2482	2653	20
2482	2705	7
2482	2753	7
2482	2773	4
2482	2791	5
2482	2810	19
2482	2938	1
2482	3017	2
2482	3028	3
2482	3305	90
2482	3744	2
2482	4064	1
2482	4371	7
2482	4393	1
2482	4410	12
2482	4556	32
2482	4580	1
2482	4808	2
2482	4812	12
2482	5092	1
2482	5110	4
2482	5270	11
2482	5494	10
2482	5722	8
2482	5724	5
2482	5767	2
2482	5780	1
2482	5824	9
2482	5927	6
2482	6289	13
2482	6530	26
2482	6543	3
2482	6556	8
2482	6771	3
2482	6812	3
2482	6816	18
2482	6969	3
2482	6993	3
2482	7006	2
2482	7013	8
2482	7104	34
2482	7165	1
2482	7167	46
2482	7307	3
2482	7510	17
2482	7597	9
2482	7753	8
2482	7811	5
2482	7821	5
2482	7822	5
2482	7928	1
2482	8012	2
2482	8051	1
2482	8152	5
2482	8232	2
2482	8233	1
2482	8462	3
2482	8531	3
2482	8642	6
2482	8723	1
2653	2705	83
2653	2753	46
2653	2791	13
2653	2810	66
2653	2938	11
2653	3017	7
2653	3028	9
2653	3284	4
2653	3305	587
2653	3545	1
2653	3580	16
2653	3744	4
2653	3959	32
2653	4064	33
2653	4371	22
2653	4393	16
2653	4410	164
2653	4556	207
2653	4580	7
2653	4608	76
2653	4808	43
2653	4812	9
2653	5092	5
2653	5110	21
2653	5270	23
2653	5308	9
2653	5432	23
2653	5494	31
2653	5638	26
2653	5722	17
2653	5724	11
2653	5767	22
2653	5780	6
2653	5824	57
2653	5927	19
2653	6289	3
2653	6487	7
2653	6530	36
2653	6543	12
2653	6556	121
2653	6631	22
2653	6771	8
2653	6785	16
2653	6812	11
2653	6816	71
2653	6969	20
2653	6993	37
2653	7006	17
2653	7013	26
2653	7104	112
2653	7165	13
2653	7167	232
2653	7307	13
2653	7331	14
2653	7415	10
2653	7510	73
2653	7597	35
2653	7632	6
2653	7753	71
2653	7811	23
2653	7821	11
2653	7822	24
2653	7849	7
2653	7858	4
2653	7873	16
2653	7928	5
2653	8012	31
2653	8040	11
2653	8051	15
2653	8152	15
2653	8232	8
2653	8233	8
2653	8462	3
2653	8531	27
2653	8642	26
2653	8723	14
2705	2753	21
2705	2773	5
2705	2791	15
2705	2810	24
2705	3017	3
2705	3305	222
2705	3959	2
2705	4064	6
2705	4371	14
2705	4410	24
2705	4556	21
2705	4580	2
2705	4608	5
2705	4808	7
2705	5092	2
2705	5110	7
2705	5270	10
2705	5494	7
2705	5722	5
2705	5724	3
2705	5767	1
2705	5780	2
2705	5824	22
2705	5927	6
2705	6487	2
2705	6530	6
2705	6543	7
2705	6556	29
2705	6631	2
2705	6771	8
2705	6785	13
2705	6812	4
2705	6816	22
2705	6969	3
2705	6993	9
2705	7006	12
2705	7013	9
2705	7104	37
2705	7165	2
2705	7167	36
2705	7307	14
2705	7331	1
2705	7510	29
2705	7597	11
2705	7632	1
2705	7753	13
2705	7811	7
2705	7821	4
2705	7822	7
2705	7849	5
2705	7858	1
2705	7873	4
2705	7928	2
2705	8012	14
2705	8040	7
2705	8051	14
2705	8152	3
2705	8232	1
2705	8233	2
2705	8462	2
2705	8531	11
2705	8642	23
2705	8723	4
2753	2773	4
2753	2791	6
2753	2810	40
2753	2938	4
2753	3017	4
2753	3028	3
2753	3284	1
2753	3305	205
2753	3959	3
2753	4064	4
2753	4371	11
2753	4393	2
2753	4410	41
2753	4556	44
2753	4580	10
2753	4608	4
2753	4808	6
2753	5092	1
2753	5110	5
2753	5270	9
2753	5308	1
2753	5432	6
2753	5494	18
2753	5722	13
2753	5724	7
2753	5767	6
2753	5780	5
2753	5824	22
2753	5927	10
2753	6530	20
2753	6543	4
2753	6556	23
2753	6631	5
2753	6771	7
2753	6785	7
2753	6812	4
2753	6816	21
2753	6969	6
2753	6993	4
2753	7006	12
2753	7013	4
2753	7104	41
2753	7165	5
2753	7167	54
2753	7307	1
2753	7331	2
2753	7510	20
2753	7597	9
2753	7632	2
2753	7753	22
2753	7811	7
2753	7821	5
2753	7822	4
2753	7849	8
2753	7858	1
2753	7873	2
2753	7928	2
2753	8012	4
2753	8040	2
2753	8051	8
2753	8152	6
2753	8232	2
2753	8233	2
2753	8462	1
2753	8531	10
2753	8642	14
2753	8723	10
2773	2791	2
2773	2810	19
2773	3305	64
2773	3744	2
2773	4393	1
2773	4410	4
2773	4556	18
2773	4808	3
2773	5092	3
2773	5110	2
2773	5270	4
2773	5308	2
2773	5494	2
2773	5722	3
2773	5767	1
2773	5824	10
2773	5927	4
2773	6289	1
2773	6530	2
2773	6556	3
2773	6631	3
2773	6771	1
2773	6785	1
2773	6812	4
2773	6816	5
2773	6993	2
2773	7006	2
2773	7013	3
2773	7104	4
2773	7165	3
2773	7167	16
2773	7307	2
2773	7331	3
2773	7415	1
2773	7510	7
2773	7597	4
2773	7632	1
2773	7753	2
2773	7928	8
2773	8012	1
2773	8051	2
2773	8152	3
2773	8531	1
2773	8642	5
2773	8723	5
2791	2810	13
2791	2938	3
2791	3305	63
2791	4064	2
2791	4371	6
2791	4393	1
2791	4410	5
2791	4556	9
2791	4580	6
2791	4808	1
2791	5110	2
2791	5270	2
2791	5494	3
2791	5722	4
2791	5724	3
2791	5767	2
2791	5824	7
2791	5927	2
2791	6530	5
2791	6543	1
2791	6556	9
2791	6771	1
2791	6785	2
2791	6816	14
2791	6993	1
2791	7006	1
2791	7013	3
2791	7104	10
2791	7165	1
2791	7167	26
2791	7307	1
2791	7510	10
2791	7597	1
2791	7753	6
2791	7821	1
2791	7822	1
2791	7849	2
2791	8051	3
2791	8152	1
2791	8233	2
2791	8531	2
2791	8642	7
2791	8723	2
2810	2938	4
2810	3017	3
2810	3028	6
2810	3305	369
2810	3515	1
2810	3744	9
2810	4064	3
2810	4371	22
2810	4393	1
2810	4410	42
2810	4556	79
2810	4608	2
2810	4808	6
2810	4812	1
2810	5092	8
2810	5110	6
2810	5270	13
2810	5308	14
2810	5432	6
2810	5494	28
2810	5722	10
2810	5724	11
2810	5767	4
2810	5780	16
2810	5824	54
2810	5927	19
2810	6289	12
2810	6487	1
2810	6530	27
2810	6543	9
2810	6556	18
2810	6631	8
2810	6771	9
2810	6785	4
2810	6812	19
2810	6816	32
2810	6969	4
2810	6993	4
2810	7006	5
2810	7013	13
2810	7104	58
2810	7165	10
2810	7167	83
2810	7307	7
2810	7331	6
2810	7415	3
2810	7510	41
2810	7597	14
2810	7632	4
2810	7753	17
2810	7811	2
2810	7821	8
2810	7822	4
2810	7849	7
2810	7858	2
2810	7873	1
2810	7928	31
2810	8012	8
2810	8040	5
2810	8051	12
2810	8152	16
2810	8232	3
2810	8233	1
2810	8462	7
2810	8531	17
2810	8642	17
2810	8723	20
2938	3017	1
2938	3305	56
2938	3959	3
2938	4064	1
2938	4371	6
2938	4410	5
2938	4556	16
2938	4580	24
2938	4608	3
2938	5092	2
2938	5110	1
2938	5780	6
2938	6530	19
2938	6556	11
2938	6631	5
2938	6812	2
2938	6816	8
2938	6969	3
2938	7006	2
2938	7013	1
2938	7104	2
2938	7167	14
2938	7510	5
2938	7753	4
2938	7811	1
2938	7821	7
2938	7822	2
2938	7873	4
2938	8152	2
2938	8232	3
2938	8233	2
2938	8462	1
2938	8531	2
2938	8723	5
3017	3028	1
3017	3284	5
3017	3305	49
3017	3580	1
3017	3744	2
3017	4064	1
3017	4371	2
3017	4393	1
3017	4410	36
3017	4556	20
3017	4608	1
3017	5092	4
3017	5110	9
3017	5308	1
3017	5432	5
3017	5494	4
3017	5722	2
3017	5724	2
3017	5767	2
3017	5780	4
3017	5824	14
3017	5927	1
3017	6530	8
3017	6543	6
3017	6556	8
3017	6631	11
3017	6812	1
3017	6816	5
3017	6969	4
3017	6993	11
3017	7013	8
3017	7104	30
3017	7165	4
3017	7167	34
3017	7307	2
3017	7331	2
3017	7415	2
3017	7510	1
3017	7597	11
3017	7632	2
3017	7753	9
3017	7821	3
3017	7858	2
3017	7873	1
3017	8152	3
3017	8232	4
3017	8233	5
3017	8531	3
3017	8723	2
3028	3305	38
3028	4371	1
3028	4410	9
3028	4556	16
3028	4808	1
3028	5110	1
3028	5270	3
3028	5494	5
3028	5722	3
3028	5724	10
3028	5767	1
3028	5824	3
3028	5927	2
3028	6530	4
3028	6556	2
3028	6631	2
3028	6771	1
3028	6816	4
3028	6969	2
3028	7013	2
3028	7104	14
3028	7167	13
3028	7307	1
3028	7331	1
3028	7510	4
3028	7597	4
3028	7753	5
3028	8040	2
3028	8152	3
3028	8232	2
3028	8531	2
3284	3305	31
3284	3515	6
3284	3545	1
3284	3744	7
3284	4064	1
3284	4410	27
3284	4556	34
3284	4608	1
3284	5110	2
3284	5308	1
3284	5494	1
3284	5780	1
3284	5824	1
3284	6530	2
3284	6556	2
3284	6631	3
3284	6816	2
3284	6969	2
3284	6993	4
3284	7013	1
3284	7104	2
3284	7165	1
3284	7167	9
3284	7331	1
3284	7597	7
3284	7632	1
3284	7821	1
3284	7858	6
3284	8051	2
3284	8462	2
3284	8642	1
3284	8723	1
3305	3515	2
3305	3545	17
3305	3580	28
3305	3744	44
3305	3959	41
3305	4064	90
3305	4371	156
3305	4393	39
3305	4410	486
3305	4556	815
3305	4580	70
3305	4608	169
3305	4808	84
3305	4812	70
3305	5092	48
3305	5110	91
3305	5270	102
3305	5308	35
3305	5432	141
3305	5494	131
3305	5638	70
3305	5722	110
3305	5724	73
3305	5767	48
3305	5780	69
3305	5824	287
3305	5927	144
3305	6289	48
3305	6487	34
3305	6530	181
3305	6543	73
3305	6556	440
3305	6631	70
3305	6771	63
3305	6785	44
3305	6812	51
3305	6816	281
3305	6969	80
3305	6993	126
3305	7006	37
3305	7013	89
3305	7104	490
3305	7165	44
3305	7167	858
3305	7307	30
3305	7331	45
3305	7415	46
3305	7510	299
3305	7597	165
3305	7632	26
3305	7753	231
3305	7811	47
3305	7821	55
3305	7822	45
3305	7849	65
3305	7858	46
3305	7873	41
3305	7928	50
3305	8012	80
3305	8040	40
3305	8051	55
3305	8152	149
3305	8232	40
3305	8233	40
3305	8462	41
3305	8531	107
3305	8642	120
3305	8723	93
3515	3545	10
3515	4556	34
3515	5270	1
3515	5432	1
3515	5780	2
3515	7167	5
3515	7331	1
3515	7858	7
3545	4064	1
3545	4393	1
3545	4410	32
3545	4556	52
3545	4812	5
3545	5110	1
3545	5308	1
3545	5494	2
3545	5780	4
3545	5824	1
3545	6530	5
3545	6556	7
3545	6993	2
3545	7104	2
3545	7165	7
3545	7167	24
3545	7331	9
3545	7597	4
3545	7632	10
3545	7753	15
3545	7858	34
3545	8152	1
3545	8232	1
3545	8462	2
3545	8531	1
3580	3744	2
3580	4064	2
3580	4371	1
3580	4410	10
3580	4556	10
3580	5092	1
3580	5270	1
3580	5308	1
3580	5824	1
3580	6487	19
3580	6530	3
3580	6556	12
3580	6631	1
3580	6816	5
3580	7104	12
3580	7167	6
3580	7331	1
3580	7597	1
3580	7753	4
3580	7811	1
3580	7821	1
3580	8152	1
3580	8232	1
3580	8233	1
3580	8723	4
3744	4371	8
3744	4410	6
3744	4556	20
3744	4808	3
3744	4812	2
3744	5092	2
3744	5308	2
3744	5824	3
3744	6289	16
3744	6487	1
3744	6556	5
3744	6631	3
3744	6771	1
3744	6816	5
3744	6969	1
3744	7104	7
3744	7165	7
3744	7167	15
3744	7331	2
3744	7510	10
3744	7597	4
3744	7632	2
3744	7928	4
3744	8012	1
3744	8232	1
3744	8462	1
3744	8642	4
3959	4064	2
3959	4371	3
3959	4393	4
3959	4410	11
3959	4556	32
3959	4580	2
3959	4608	66
3959	5110	1
3959	5494	2
3959	5824	2
3959	6530	3
3959	6556	16
3959	6631	2
3959	6812	1
3959	6816	1
3959	6969	4
3959	6993	4
3959	7013	3
3959	7104	10
3959	7167	27
3959	7331	1
3959	7415	2
3959	7510	13
3959	7632	1
3959	7753	6
3959	7811	2
3959	7849	1
3959	7873	2
3959	7928	3
3959	8051	2
3959	8152	1
3959	8232	2
3959	8531	1
4064	4371	3
4064	4393	3
4064	4410	69
4064	4556	60
4064	4580	2
4064	4608	13
4064	4808	4
4064	4812	2
4064	5110	14
4064	5270	3
4064	5308	3
4064	5432	1
4064	5494	3
4064	5638	1
4064	5722	1
4064	5724	1
4064	5767	3
4064	5824	3
4064	5927	1
4064	6530	10
4064	6556	46
4064	6631	3
4064	6812	2
4064	6816	12
4064	6969	11
4064	6993	26
4064	7013	5
4064	7104	19
4064	7165	1
4064	7167	50
4064	7307	1
4064	7331	9
4064	7415	15
4064	7510	9
4064	7597	9
4064	7632	2
4064	7753	13
4064	7811	5
4064	7821	3
4064	7822	2
4064	7858	6
4064	7873	5
4064	8012	2
4064	8051	5
4064	8152	2
4064	8232	2
4064	8233	1
4064	8531	5
4064	8642	4
4064	8723	2
4371	4410	25
4371	4556	32
4371	4580	8
4371	4608	4
4371	4808	2
4371	5092	2
4371	5110	3
4371	5270	1
4371	5308	1
4371	5432	1
4371	5494	9
4371	5722	4
4371	5724	1
4371	5780	4
4371	5824	8
4371	5927	2
4371	6289	21
4371	6487	3
4371	6530	6
4371	6543	5
4371	6556	33
4371	6631	4
4371	6771	3
4371	6785	3
4371	6816	24
4371	6969	2
4371	7006	1
4371	7013	5
4371	7104	39
4371	7165	1
4371	7167	52
4371	7307	1
4371	7331	2
4371	7415	1
4371	7510	20
4371	7597	6
4371	7632	2
4371	7753	8
4371	7821	3
4371	7822	2
4371	7849	3
4371	7858	1
4371	7873	9
4371	8040	1
4371	8051	1
4371	8152	7
4371	8233	3
4371	8462	2
4371	8531	6
4371	8642	6
4371	8723	5
4393	4410	18
4393	4556	26
4393	4580	2
4393	4608	20
4393	5270	2
4393	5494	3
4393	5722	1
4393	5767	1
4393	5824	1
4393	5927	1
4393	6530	3
4393	6556	8
4393	6631	2
4393	6816	3
4393	6969	6
4393	6993	1
4393	7013	3
4393	7104	8
4393	7167	25
4393	7331	1
4393	7415	1
4393	7510	11
4393	7597	2
4393	7753	15
4393	7811	3
4393	7821	1
4393	7822	1
4393	7858	1
4393	7873	4
4393	7928	2
4393	8232	2
4393	8642	1
4410	4556	488
4410	4580	4
4410	4608	59
4410	4808	11
4410	4812	4
4410	5092	20
4410	5110	69
4410	5270	16
4410	5308	12
4410	5432	8
4410	5494	37
4410	5638	47
4410	5722	20
4410	5724	19
4410	5767	13
4410	5780	21
4410	5824	72
4410	5927	5
4410	6289	11
4410	6487	3
4410	6530	57
4410	6543	32
4410	6556	113
4410	6631	54
4410	6771	1
4410	6785	1
4410	6812	9
4410	6816	66
4410	6969	65
4410	6993	103
4410	7013	74
4410	7104	180
4410	7165	20
4410	7167	314
4410	7307	10
4410	7331	40
4410	7415	20
4410	7510	36
4410	7597	111
4410	7632	44
4410	7753	137
4410	7811	11
4410	7821	19
4410	7822	19
4410	7849	3
4410	7858	52
4410	7873	17
4410	7928	2
4410	8012	2
4410	8051	11
4410	8152	24
4410	8232	17
4410	8233	22
4410	8462	11
4410	8531	28
4410	8642	9
4410	8723	21
4556	4580	13
4556	4608	86
4556	4808	7
4556	4812	13
4556	5092	16
4556	5110	57
4556	5270	35
4556	5308	13
4556	5432	14
4556	5494	46
4556	5638	37
4556	5722	22
4556	5724	24
4556	5767	17
4556	5780	19
4556	5824	79
4556	5927	10
4556	6289	29
4556	6487	6
4556	6530	82
4556	6543	20
4556	6556	125
4556	6631	40
4556	6771	3
4556	6812	15
4556	6816	69
4556	6969	56
4556	6993	80
4556	7006	4
4556	7013	55
4556	7104	196
4556	7165	17
4556	7167	371
4556	7307	11
4556	7331	30
4556	7415	27
4556	7510	74
4556	7597	91
4556	7632	54
4556	7753	126
4556	7811	19
4556	7821	32
4556	7822	25
4556	7849	7
4556	7858	57
4556	7873	17
4556	7928	10
4556	8012	18
4556	8040	4
4556	8051	11
4556	8152	37
4556	8232	22
4556	8233	15
4556	8462	11
4556	8531	32
4556	8642	17
4556	8723	25
4580	4608	7
4580	4812	1
4580	5494	1
4580	5638	1
4580	5767	1
4580	5824	1
4580	6487	1
4580	6530	21
4580	6556	28
4580	6812	3
4580	6816	16
4580	6969	3
4580	6993	1
4580	7013	2
4580	7104	7
4580	7167	41
4580	7331	1
4580	7510	3
4580	7753	3
4580	7811	2
4580	7821	7
4580	7822	1
4580	7873	1
4580	7928	2
4580	8040	2
4580	8152	4
4580	8232	3
4580	8233	8
4580	8642	1
4580	8723	11
4608	5092	2
4608	5110	2
4608	5270	1
4608	5308	1
4608	5432	3
4608	5494	7
4608	5638	2
4608	5722	1
4608	5824	3
4608	6487	1
4608	6530	3
4608	6556	86
4608	6631	9
4608	6771	1
4608	6812	3
4608	6816	13
4608	6969	18
4608	6993	7
4608	7013	12
4608	7104	26
4608	7165	1
4608	7167	88
4608	7331	10
4608	7415	24
4608	7510	57
4608	7597	4
4608	7753	31
4608	7811	1
4608	7822	3
4608	7873	4
4608	7928	12
4608	8012	1
4608	8051	3
4608	8152	4
4608	8232	2
4608	8233	2
4608	8531	2
4608	8642	1
4608	8723	2
4808	5110	1
4808	5270	1
4808	5308	1
4808	5432	6
4808	5494	3
4808	5722	1
4808	5824	4
4808	5927	2
4808	6556	16
4808	6771	5
4808	6785	7
4808	6812	2
4808	6816	19
4808	6993	4
4808	7006	1
4808	7013	2
4808	7104	8
4808	7167	41
4808	7307	2
4808	7510	22
4808	7753	1
4808	7821	2
4808	7822	1
4808	7849	1
4808	7928	1
4808	8012	4
4808	8051	2
4808	8462	3
4808	8531	6
4808	8642	3
4808	8723	1
4812	5270	1
4812	5638	2
4812	5722	14
4812	5724	4
4812	5780	6
4812	5824	7
4812	5927	5
4812	6530	28
4812	6543	18
4812	6556	6
4812	6771	1
4812	6816	11
4812	7013	2
4812	7104	9
4812	7165	1
4812	7167	10
4812	7331	2
4812	7597	8
4812	7753	7
4812	7811	2
4812	7821	5
4812	7822	4
4812	7849	1
4812	7858	2
4812	8152	5
4812	8233	2
4812	8462	13
5092	5110	3
5092	5270	1
5092	5308	2
5092	5432	11
5092	5494	1
5092	5638	2
5092	5722	1
5092	5780	2
5092	5824	8
5092	5927	3
5092	6289	1
5092	6487	8
5092	6530	3
5092	6543	3
5092	6556	7
5092	6631	4
5092	6771	1
5092	6812	5
5092	6816	7
5092	6969	1
5092	7013	5
5092	7104	11
5092	7165	3
5092	7167	20
5092	7307	1
5092	7331	4
5092	7415	1
5092	7510	2
5092	7597	7
5092	7632	1
5092	7753	2
5092	7811	1
5092	7821	3
5092	7858	1
5092	7928	6
5092	8152	10
5092	8233	3
5092	8531	1
5092	8723	4
5110	5270	1
5110	5494	2
5110	5638	2
5110	5722	4
5110	5724	3
5110	5767	2
5110	5780	2
5110	5824	12
5110	5927	2
5110	6530	12
5110	6543	4
5110	6556	19
5110	6631	5
5110	6771	1
5110	6812	1
5110	6816	8
5110	6969	4
5110	6993	25
5110	7013	9
5110	7104	25
5110	7165	2
5110	7167	49
5110	7307	2
5110	7331	1
5110	7415	7
5110	7510	9
5110	7597	20
5110	7632	3
5110	7753	18
5110	7811	1
5110	7821	4
5110	7822	2
5110	7849	1
5110	7858	12
5110	7873	4
5110	8012	1
5110	8051	3
5110	8152	3
5110	8232	2
5110	8233	3
5110	8531	4
5110	8642	4
5110	8723	4
5270	5432	1
5270	5494	8
5270	5722	6
5270	5724	5
5270	5767	2
5270	5824	10
5270	5927	2
5270	6530	1
5270	6543	5
5270	6556	10
5270	6771	4
5270	6785	1
5270	6816	14
5270	6969	6
5270	6993	1
5270	7006	4
5270	7013	2
5270	7104	29
5270	7165	1
5270	7167	52
5270	7307	1
5270	7510	9
5270	7597	2
5270	7753	21
5270	7811	4
5270	7821	2
5270	7822	1
5270	7873	1
5270	8012	2
5270	8051	2
5270	8152	2
5270	8531	4
5270	8642	7
5308	5638	2
5308	5722	1
5308	5767	4
5308	5780	3
5308	5824	8
5308	6487	1
5308	6530	1
5308	6556	15
5308	6631	8
5308	6771	1
5308	6812	4
5308	6816	4
5308	6993	2
5308	7013	2
5308	7104	7
5308	7167	19
5308	7331	4
5308	7597	3
5308	7753	5
5308	7821	1
5308	7858	1
5308	7928	13
5308	8012	1
5308	8152	2
5308	8232	1
5308	8233	1
5308	8462	2
5308	8723	2
5432	5494	1
5432	5638	8
5432	5722	3
5432	5927	44
5432	6487	3
5432	6530	1
5432	6556	8
5432	6631	6
5432	6771	3
5432	6785	1
5432	6812	1
5432	6816	5
5432	7104	32
5432	7167	26
5432	7510	11
5432	7597	7
5432	7849	1
5432	8152	34
5432	8462	1
5432	8531	1
5432	8642	1
5432	8723	4
5494	5638	11
5494	5722	5
5494	5724	5
5494	5767	2
5494	5780	2
5494	5824	14
5494	5927	6
5494	6289	3
5494	6487	1
5494	6530	15
5494	6543	4
5494	6556	12
5494	6631	2
5494	6771	1
5494	6812	2
5494	6816	18
5494	6969	7
5494	6993	5
5494	7006	2
5494	7013	8
5494	7104	47
5494	7165	2
5494	7167	60
5494	7307	5
5494	7331	1
5494	7415	1
5494	7510	17
5494	7597	13
5494	7632	3
5494	7753	11
5494	7811	4
5494	7821	4
5494	7822	4
5494	7858	4
5494	7873	1
5494	8040	1
5494	8051	1
5494	8152	8
5494	8232	5
5494	8233	1
5494	8462	1
5494	8531	10
5494	8642	6
5494	8723	6
5638	6543	1
5638	6556	35
5638	6816	1
5638	6969	2
5638	6993	4
5638	7013	2
5638	7104	1
5638	7167	21
5638	7331	1
5638	7415	2
5638	7597	2
5638	7753	1
5638	8152	1
5638	8233	2
5722	5724	3
5722	5767	1
5722	5780	3
5722	5824	19
5722	5927	6
5722	6530	3
5722	6543	14
5722	6556	14
5722	6631	2
5722	6771	1
5722	6785	1
5722	6812	1
5722	6816	14
5722	6969	2
5722	6993	1
5722	7006	1
5722	7013	3
5722	7104	28
5722	7165	2
5722	7167	38
5722	7307	1
5722	7331	1
5722	7510	14
5722	7597	8
5722	7632	1
5722	7753	9
5722	7821	1
5722	7822	1
5722	7849	1
5722	7858	1
5722	7873	2
5722	8012	1
5722	8040	1
5722	8051	2
5722	8152	4
5722	8233	1
5722	8462	3
5722	8531	5
5722	8642	4
5722	8723	3
5724	5767	4
5724	5824	17
5724	5927	4
5724	6530	30
5724	6556	4
5724	6816	8
5724	6969	2
5724	7006	1
5724	7013	3
5724	7104	20
5724	7167	25
5724	7307	1
5724	7331	1
5724	7510	3
5724	7597	6
5724	7753	13
5724	7811	2
5724	7821	4
5724	7849	5
5724	8051	1
5724	8152	7
5724	8232	3
5724	8233	2
5724	8462	2
5724	8531	5
5724	8642	3
5767	5780	1
5767	5824	4
5767	5927	1
5767	6487	1
5767	6530	5
5767	6543	1
5767	6556	12
5767	6631	4
5767	6785	1
5767	6969	3
5767	6993	4
5767	7013	1
5767	7104	7
5767	7167	34
5767	7331	3
5767	7510	1
5767	7597	1
5767	7753	17
5767	7811	4
5767	7821	3
5767	7822	1
5767	7849	1
5767	7873	1
5767	8040	1
5767	8152	3
5767	8232	3
5767	8233	1
5767	8531	2
5767	8642	3
5767	8723	2
5780	5824	11
5780	5927	1
5780	6530	4
5780	6543	7
5780	6556	3
5780	6631	4
5780	6771	4
5780	6812	1
5780	6816	7
5780	6969	2
5780	7006	1
5780	7013	4
5780	7104	24
5780	7165	2
5780	7167	19
5780	7307	2
5780	7331	2
5780	7510	7
5780	7597	13
5780	7632	2
5780	7753	2
5780	7858	6
5780	8152	2
5780	8233	2
5780	8462	6
5780	8531	3
5780	8723	2
5824	5927	12
5824	6289	2
5824	6487	4
5824	6530	21
5824	6543	22
5824	6556	24
5824	6631	12
5824	6771	4
5824	6785	5
5824	6812	9
5824	6816	28
5824	6969	8
5824	6993	14
5824	7006	5
5824	7013	12
5824	7104	94
5824	7165	14
5824	7167	107
5824	7307	7
5824	7331	9
5824	7415	1
5824	7510	22
5824	7597	41
5824	7632	6
5824	7753	22
5824	7811	3
5824	7821	2
5824	7822	4
5824	7849	11
5824	7858	8
5824	7873	3
5824	7928	20
5824	8012	25
5824	8040	7
5824	8051	9
5824	8152	13
5824	8232	6
5824	8233	7
5824	8462	4
5824	8531	16
5824	8642	11
5824	8723	12
5927	6530	6
5927	6543	2
5927	6556	6
5927	6631	2
5927	6771	3
5927	6812	1
5927	6816	6
5927	6969	1
5927	6993	3
5927	7006	2
5927	7013	2
5927	7104	33
5927	7165	1
5927	7167	20
5927	7307	5
5927	7510	13
5927	7597	1
5927	7753	5
5927	7811	5
5927	7849	6
5927	7928	1
5927	8012	4
5927	8051	2
5927	8152	18
5927	8232	1
5927	8233	2
5927	8462	1
5927	8531	2
5927	8642	4
5927	8723	5
6289	6556	4
6289	6631	1
6289	6816	12
6289	7104	14
6289	7165	2
6289	7167	42
6289	7331	1
6289	7510	19
6289	7597	2
6289	7821	4
6289	7928	2
6289	8040	1
6487	6556	19
6487	6631	1
6487	6771	2
6487	6812	1
6487	6816	9
6487	7104	12
6487	7167	7
6487	7307	1
6487	7331	2
6487	7510	3
6487	7597	3
6487	7753	8
6487	8152	5
6487	8232	2
6487	8642	2
6487	8723	4
6530	6543	5
6530	6556	20
6530	6631	7
6530	6812	7
6530	6816	17
6530	6969	10
6530	6993	11
6530	7013	19
6530	7104	52
6530	7165	2
6530	7167	61
6530	7307	2
6530	7331	2
6530	7510	4
6530	7597	29
6530	7632	3
6530	7753	25
6530	7811	14
6530	7821	35
6530	7822	3
6530	7858	4
6530	7873	5
6530	8012	2
6530	8040	1
6530	8051	2
6530	8152	39
6530	8232	10
6530	8233	18
6530	8462	13
6530	8531	5
6530	8642	1
6530	8723	24
6543	6556	1
6543	6631	6
6543	6771	2
6543	6785	3
6543	6816	9
6543	6969	3
6543	7006	2
6543	7013	6
6543	7104	35
6543	7165	3
6543	7167	28
6543	7307	3
6543	7331	3
6543	7510	3
6543	7597	17
6543	7632	3
6543	7753	5
6543	7821	4
6543	7822	1
6543	7858	3
6543	7873	2
6543	8012	4
6543	8051	1
6543	8152	4
6543	8233	3
6543	8462	2
6543	8531	4
6543	8642	2
6543	8723	3
6556	6631	16
6556	6771	7
6556	6785	3
6556	6812	11
6556	6816	56
6556	6969	19
6556	6993	44
6556	7006	2
6556	7013	19
6556	7104	80
6556	7165	4
6556	7167	195
6556	7307	3
6556	7331	22
6556	7415	21
6556	7510	63
6556	7597	9
6556	7632	3
6556	7753	63
6556	7811	5
6556	7821	8
6556	7822	1
6556	7849	1
6556	7858	8
6556	7873	8
6556	7928	9
6556	8012	7
6556	8040	3
6556	8051	11
6556	8152	22
6556	8232	7
6556	8233	12
6556	8462	4
6556	8531	13
6556	8642	12
6556	8723	9
6631	6812	1
6631	6816	12
6631	6969	2
6631	6993	6
6631	7006	1
6631	7013	10
6631	7104	28
6631	7165	4
6631	7167	40
6631	7307	4
6631	7331	9
6631	7415	2
6631	7510	3
6631	7597	18
6631	7632	3
6631	7753	6
6631	7821	2
6631	7822	1
6631	7858	2
6631	7873	3
6631	7928	2
6631	8051	2
6631	8152	4
6631	8233	3
6631	8531	3
6631	8723	6
6771	6785	5
6771	6816	5
6771	7006	3
6771	7013	1
6771	7104	7
6771	7167	10
6771	7307	1
6771	7510	7
6771	7753	3
6771	7849	4
6771	7858	2
6771	7873	1
6771	7928	2
6771	8012	6
6771	8040	3
6771	8051	2
6771	8152	3
6771	8531	2
6771	8642	5
6771	8723	1
6785	6816	2
6785	7006	5
6785	7013	2
6785	7104	1
6785	7167	8
6785	7307	2
6785	7510	2
6785	7822	2
6785	7849	2
6785	7928	1
6785	8012	11
6785	8040	3
6785	8152	4
6785	8462	2
6785	8531	1
6785	8642	2
6785	8723	1
6812	6816	2
6812	6969	1
6812	6993	2
6812	7013	1
6812	7104	6
6812	7165	2
6812	7167	5
6812	7307	1
6812	7331	4
6812	7415	5
6812	7510	2
6812	7597	1
6812	7811	3
6812	7821	4
6812	7822	3
6812	7928	22
6812	8012	1
6812	8232	2
6812	8233	1
6812	8462	2
6812	8531	1
6812	8642	1
6816	6969	8
6816	6993	10
6816	7006	3
6816	7013	17
6816	7104	90
6816	7165	5
6816	7167	143
6816	7307	4
6816	7331	6
6816	7415	1
6816	7510	29
6816	7597	24
6816	7632	2
6816	7753	36
6816	7811	3
6816	7821	5
6816	7822	5
6816	7849	1
6816	7858	2
6816	7873	5
6816	7928	1
6816	8012	6
6816	8040	5
6816	8051	5
6816	8152	11
6816	8233	5
6816	8462	2
6816	8531	15
6816	8642	14
6816	8723	11
6969	6993	9
6969	7013	7
6969	7104	27
6969	7165	3
6969	7167	36
6969	7307	1
6969	7331	3
6969	7415	8
6969	7510	6
6969	7597	8
6969	7632	4
6969	7753	18
6969	7811	5
6969	7821	3
6969	7822	1
6969	7858	5
6969	7873	4
6969	8152	3
6969	8232	8
6969	8233	2
6969	8462	2
6969	8531	2
6969	8723	4
6993	7013	12
6993	7104	13
6993	7167	58
6993	7415	9
6993	7510	20
6993	7597	16
6993	7632	1
6993	7753	19
6993	7811	8
6993	7821	3
6993	7822	4
6993	7858	1
6993	7873	1
6993	8012	1
6993	8051	7
6993	8152	2
6993	8232	5
6993	8233	5
6993	8462	2
6993	8531	9
6993	8642	4
6993	8723	3
7006	7104	8
7006	7167	8
7006	7510	20
7006	7849	1
7006	7873	1
7006	7928	2
7006	8012	2
7006	8040	12
7006	8051	1
7006	8152	2
7006	8462	1
7006	8531	1
7006	8642	3
7006	8723	2
7013	7104	40
7013	7165	2
7013	7167	46
7013	7307	2
7013	7331	3
7013	7415	1
7013	7510	12
7013	7597	13
7013	7632	5
7013	7753	7
7013	7811	4
7013	7821	6
7013	7822	4
7013	7858	5
7013	8012	1
7013	8051	1
7013	8152	5
7013	8232	1
7013	8233	6
7013	8462	1
7013	8531	5
7013	8642	1
7013	8723	4
7104	7165	12
7104	7167	276
7104	7307	16
7104	7331	15
7104	7415	2
7104	7510	44
7104	7597	113
7104	7632	10
7104	7753	73
7104	7811	7
7104	7821	9
7104	7822	8
7104	7858	15
7104	7873	4
7104	7928	2
7104	8012	4
7104	8040	3
7104	8051	2
7104	8152	39
7104	8232	12
7104	8233	14
7104	8462	5
7104	8531	30
7104	8642	14
7104	8723	21
7165	7167	23
7165	7307	1
7165	7331	4
7165	7510	3
7165	7597	12
7165	7632	2
7165	7753	4
7165	7821	1
7165	7858	3
7165	7873	1
7165	7928	5
7165	8040	2
7165	8051	2
7165	8152	1
7165	8233	2
7165	8531	5
7165	8642	5
7165	8723	2
7167	7307	10
7167	7331	30
7167	7415	6
7167	7510	100
7167	7597	100
7167	7632	15
7167	7753	155
7167	7811	22
7167	7821	26
7167	7822	21
7167	7849	6
7167	7858	47
7167	7873	17
7167	7928	9
7167	8012	2
7167	8040	2
7167	8051	12
7167	8152	39
7167	8232	25
7167	8233	16
7167	8462	15
7167	8531	35
7167	8642	25
7167	8723	22
7307	7331	1
7307	7510	2
7307	7597	8
7307	7632	1
7307	7753	2
7307	7811	6
7307	7821	1
7307	7822	4
7307	7858	1
7307	7928	1
7307	8012	3
7307	8040	3
7307	8152	3
7307	8232	2
7307	8233	1
7307	8531	3
7307	8642	4
7307	8723	3
7331	7415	5
7331	7510	1
7331	7597	11
7331	7632	1
7331	7753	7
7331	7858	3
7331	7928	6
7331	8152	3
7331	8233	1
7331	8531	1
7331	8723	2
7415	7510	7
7415	7753	1
7415	7873	1
7415	7928	2
7415	8040	2
7415	8051	1
7415	8232	3
7415	8233	2
7415	8531	1
7510	7597	1
7510	7753	18
7510	7821	1
7510	7822	2
7510	7873	2
7510	7928	5
7510	8012	10
7510	8040	6
7510	8051	9
7510	8152	11
7510	8232	3
7510	8233	2
7510	8462	21
7510	8531	9
7510	8642	16
7510	8723	8
7597	7632	6
7597	7753	26
7597	7811	3
7597	7821	4
7597	7822	5
7597	7858	15
7597	7928	4
7597	8152	12
7597	8232	6
7597	8233	7
7597	8462	6
7597	8531	9
7597	8642	2
7597	8723	9
7632	7753	4
7632	7821	1
7632	7822	2
7632	7849	1
7632	7858	7
7632	8152	1
7632	8232	1
7632	8233	1
7632	8462	1
7632	8531	2
7632	8723	1
7753	7811	8
7753	7821	6
7753	7822	6
7753	7849	2
7753	7858	6
7753	7873	8
7753	8012	1
7753	8051	2
7753	8152	10
7753	8232	9
7753	8233	4
7753	8462	1
7753	8531	12
7753	8642	8
7753	8723	3
7811	7821	8
7811	7822	10
7811	7873	2
7811	8012	3
7811	8040	5
7811	8051	2
7811	8152	3
7811	8232	2
7811	8233	5
7811	8462	1
7811	8531	3
7811	8642	1
7821	7822	5
7821	7873	3
7821	8040	1
7821	8051	1
7821	8152	5
7821	8232	3
7821	8233	3
7821	8462	4
7821	8531	2
7821	8723	3
7822	7873	1
7822	8040	3
7822	8232	1
7822	8462	1
7822	8531	5
7822	8642	1
7849	7873	1
7849	8012	14
7849	8040	1
7849	8051	1
7849	8152	6
7849	8233	1
7849	8531	1
7849	8642	2
7849	8723	2
7858	7873	3
7858	8152	2
7858	8232	5
7858	8233	1
7858	8462	6
7858	8531	1
7858	8642	1
7858	8723	1
7873	8012	1
7873	8051	1
7873	8152	1
7873	8531	1
7873	8642	3
7873	8723	1
7928	8012	2
7928	8152	3
7928	8642	1
7928	8723	3
8012	8040	4
8012	8051	3
8012	8462	2
8012	8531	3
8012	8642	5
8012	8723	1
8040	8051	5
8040	8152	1
8040	8232	1
8040	8531	1
8040	8642	1
8051	8531	5
8051	8642	8
8051	8723	1
8152	8232	6
8152	8233	11
8152	8462	2
8152	8531	4
8152	8642	5
8152	8723	16
8232	8462	3
8232	8531	1
8232	8642	2
8232	8723	4
8233	8462	1
8233	8531	1
8233	8642	1
8233	8723	7
8462	8642	1
8462	8723	2
8531	8642	6
8531	8723	3
8642	8723	2
