id	label	x	y	cluster	weight<Links>	weight<Total link strength>	weight<Citations>
817	abarbanel h.d.i.	-0.888	0.5265	6	509	4755	155
857	abbott d.	0.2702	0.2087	7	358	1299	31
861	abbott l.f.	-0.5041	0.3415	3	687	11555	387
1034	abraham a.	-0.5446	-0.7749	1	244	979	41
1192	adamatzky a.	0.3365	0.4696	7	351	2176	76
1215	adams m.j.	0.3935	0.8284	4	228	1885	74
1221	adams r.p.	-0.6862	-0.1099	6	273	958	32
1277	adeli h.	-0.0154	-0.4863	1	345	1274	56
1417	agarwal s.	0.46	0.0563	7	322	832	30
1678	aihara k.	-0.4843	0.5026	3	537	4313	156
1735	akai-kasaya m.	0.8299	0.3354	2	483	3472	94
1767	akerman j.	1.0939	0.8235	7	150	1041	62
2011	albert r.	-0.5762	-0.1566	6	303	837	34
2207	alimi a.m.	-0.4713	-0.6263	1	524	4429	194
2209	alippi c.	-0.9401	-0.3087	5	442	3081	114
2297	allwood d.a.	0.9278	0.5596	7	240	843	40
2515	amann a.	-0.9866	0.9216	6	243	1704	61
2919	anderson c.	-1.0783	-0.1723	5	197	860	36
3067	ang k.-w.	1.2904	-0.453	2	383	3481	87
3189	antonik p.	0.4621	0.4816	4	390	1578	30
3241	aono m.	1.2727	0.1134	2	452	7943	186
3271	appeltant l.	0.171	0.6	4	637	7504	340
3442	argyris a.	0.4375	0.9402	4	347	2646	96
3649	asada m.	-0.7034	0.1236	3	658	7572	268
3663	asai t.	0.6337	0.3442	2	447	2242	54
3858	atiya a.f.	0.0118	-0.1882	1	251	807	38
4157	ba j.	-0.2342	0.0196	5	465	1761	95
4304	baets r.	0.2938	0.6668	4	155	649	31
4324	bagnall a.	-0.4387	-0.556	5	165	902	41
4388	bai y.	-0.0824	-0.2857	1	302	730	40
4400	baik s.w.	-0.019	-0.7588	1	206	1073	69
4505	balachandran b.	-0.5265	1.1123	7	142	953	30
4801	barabasi a.-l.	-0.8281	0.4345	6	224	900	34
4811	barak o.	-1.0799	0.4284	3	336	2190	71
4867	barbosa w.a.s.	-0.1337	0.2263	6	765	7987	294
5048	barto a.g.	-0.5974	-0.148	5	284	887	54
5133	bassett d.s.	-0.9072	0.72	6	455	4442	137
5162	basu a.	0.3526	0.1434	3	375	1836	59
5434	beggs j.m.	-0.1936	0.6965	3	212	1018	35
5668	bengio y.	-0.5428	-0.2349	5	781	13402	558
5772	benyettou a.	-0.4053	-0.4773	5	199	516	34
6088	bhaskaran h.	0.8746	0.1858	4	366	1405	31
6175	bialek w.	-0.9766	0.6203	3	236	1160	38
6240	bienstman p.	0.2482	0.7365	4	754	22092	795
6302	billings s.a.	-0.9361	-0.0363	6	258	944	40
6396	birkholz p.	-0.4469	-0.3555	5	212	650	46
6421	bishop c.m.	-0.6968	0.0295	5	502	2839	142
6633	boahen k.	0.2321	0.3638	3	383	1382	45
6655	boccaletti s.	-0.7124	0.2952	6	190	1242	32
6681	boden m.	-1.0134	-0.6125	5	206	857	36
6801	bollt e.	-0.6495	0.3841	6	579	7470	235
6989	borondo f.	-0.4761	0.7778	7	188	901	41
7433	breiman l.	-0.531	-0.4562	1	305	1028	51
7481	brette r.	-0.2725	0.2064	3	155	532	36
7673	brown s.a.	1.0821	0.3667	2	335	4656	145
7729	brunel n.	-0.5738	0.4128	3	226	1023	34
7743	brunner d.	0.1232	0.9449	4	550	6811	283
7759	brunton s.l.	-0.984	0.1687	6	209	1152	46
7864	bueno j.	0.4328	0.874	4	173	658	34
7917	bullmore e.	-0.5391	0.3992	3	340	2207	71
7962	bunsen m.	0.5408	1.0882	4	215	1309	45
7969	buonomano d.v.	-0.7835	0.5092	3	369	2534	73
8151	butz m.v.	-0.7446	-0.6258	5	262	828	41
8162	buzsaki g.	-0.3298	0.1702	3	335	1422	38
8476	camponogara e.	-0.4507	-0.4994	1	258	726	45
8569	cao h.	0.6295	0.1501	4	187	1893	42
8573	cao j.	-0.0177	-0.3513	1	402	1467	63
8591	cao s.	-0.1148	-0.7622	1	231	542	31
8608	cao y.	0.0979	-0.1857	1	327	808	45
8858	carroll t.l.	-0.7825	0.7692	6	603	9240	298
8915	casdagli m.	-0.911	0.1802	6	289	1517	62
9225	chai y.	1.0398	-0.3922	2	549	8088	229
9760	chembo y.k.	0.5299	0.7253	4	372	5577	85
9773	chen b.	-0.117	-0.3596	1	360	1032	50
9785	chen c.	0.1416	-0.5942	1	414	1193	58
9799	chen c.l.p.	-0.1686	-0.7529	1	269	810	43
9823	chen g.	-0.2004	0.0015	1	567	2246	88
9833	chen h.	0.3538	-0.347	1	592	3758	178
9855	chen j.	0.5387	-0.3376	1	671	4801	169
9876	chen l.	0.1351	-0.1998	2	671	4886	184
9892	chen m.	0.0134	-0.5667	1	257	609	34
9918	chen q.	0.3747	-0.3606	1	339	870	34
9935	chen s.	0.219	-0.0527	4	504	2094	77
9954	chen t.	0.163	-0.2518	1	392	960	51
9967	chen w.	0.4494	-0.6588	1	491	2206	91
9989	chen x.	0.6484	-0.3444	2	674	7666	207
10007	chen y.	0.3533	-0.162	2	771	6740	219
10038	chen z.	0.3422	-0.1015	1	595	2594	88
10163	cherry e.m.	-0.4091	0.1826	6	420	1735	59
10229	chialvo d.r.	-0.2781	0.652	3	281	1683	43
10418	choe y.	0.0329	0.1865	3	433	1963	74
10424	choi c.	1.5134	-0.4872	2	341	3614	60
10463	choi s.	0.9577	-0.4058	2	433	2250	64
10710	chua l.	0.5059	0.1745	2	684	10638	310
10846	cierpka c.	-0.8973	-0.0297	6	114	498	30
11033	clopath c.	-0.4176	0.3059	3	387	1542	42
11495	conti c.	0.1114	0.7078	4	348	2153	69
11546	cook m.	-0.0605	0.1364	3	310	1217	52
11743	cottrell g.w.	-0.606	-0.5192	1	607	4904	227
11772	courville a.	-0.2597	-0.0331	6	627	3706	148
11782	couturier r.	-0.2865	0.359	3	375	1235	52
11970	cros v.	0.5644	0.7307	7	249	1037	31
12013	crutchfield j.p.	-0.3195	0.5763	3	277	1344	44
12138	cummins f.	-0.4644	-0.2129	5	322	971	32
12212	cybenko g.	-0.9048	0.0538	6	276	1156	45
12302	da ros f.	0.4108	0.6393	4	160	534	33
12418	dai q.	0.3483	0.275	4	315	1130	36
12481	dambre j.	-0.1415	0.6837	4	567	5537	189
12501	dan y.	0.2097	-0.033	3	408	1468	38
12514	danckaert j.	0.6282	0.9603	4	226	1574	60
12652	das s.	0.4611	-0.254	2	440	1704	64
12718	datta s.	1.0947	0.2442	7	388	3460	104
12788	davies m.	0.174	0.0581	3	260	644	35
12828	dawes j.	-0.8564	0.1184	6	383	2129	73
13209	debbah m.	-0.2243	-0.7409	1	261	1781	126
13427	delbruck t.	0.3849	0.1142	3	219	713	35
13504	demarse t.b.	-0.4845	0.84	3	240	956	37
13532	demiris y.	-0.647	-0.5415	5	459	2785	144
13599	deng l.	0.0358	0.0178	3	302	752	37
14011	di ventra m.	0.8786	0.2353	2	314	1766	54
14108	diesmann m.	-0.3075	0.4233	3	261	852	36
14202	ding j.	-0.2385	-0.108	3	303	803	30
14369	djerdir a.	0.1836	-1.0741	1	87	577	40
14509	dominey p.f.	-0.6474	0.2477	3	564	6529	220
14563	dong j.	-0.0389	-0.1411	1	373	998	44
14640	dorffner g.	-1.3294	-0.3139	5	212	965	35
14676	dos santos coelho l.	-0.5389	-0.6539	1	293	982	44
14758	doya k.	-0.8208	0.1246	3	450	2692	89
14879	du c.	0.387	0.2059	2	473	2287	86
14932	duan c.	1.1978	-0.2496	2	345	1845	52
15007	duchesnay e.	-0.4623	0.1198	5	206	513	34
15318	eberhart r.	-0.4245	-0.3753	1	403	1336	71
15804	eleftheriou e.	0.8406	-0.0363	2	501	3395	100
15835	eliasmith c.	-0.2357	0.0356	3	249	787	36
15888	elman j.l.	-0.6627	-0.2154	5	442	2399	135
16116	englund d.	0.5058	0.655	4	271	1195	37
16245	erneux t.	0.5244	1.0759	4	311	3562	88
16256	erokhin v.	1.4726	-0.1076	2	258	3099	45
16502	everschor-sitte k.	0.7085	0.6367	7	465	4759	141
16790	fan s.	0.2258	0.2296	4	421	1752	55
16924	faris h.	-0.6152	-0.6781	1	224	632	32
17255	feng z.	-0.5947	-0.6935	1	377	1549	82
17320	fernando c.	-0.5083	0.6137	3	296	1239	42
17614	fischer i.	0.1571	0.8154	4	832	58986	2248
17974	foss b.	-0.5729	-0.8347	1	230	805	50
18189	frasconi p.	-0.688	-0.1731	5	575	3414	146
18358	friedman j.	-0.6099	0.0375	5	201	577	34
18383	friston k.	-0.5917	0.338	3	337	2159	69
18579	fukushima a.	0.3519	0.5646	7	318	1047	40
18647	furber s.	0.4542	0.1887	3	362	1006	37
18680	fusi s.	-0.1793	0.1911	3	289	1194	48
18702	fyfe c.	-1.2234	-0.54	5	110	522	48
18857	gallicchio c.	-0.5518	0.0182	5	486	2767	120
18882	galtier m.n.	-1.1505	0.0947	5	303	1225	30
18982	ganguly u.	0.6394	0.1045	3	163	735	55
18998	gao b.	0.6779	-0.0851	2	402	1755	47
19005	gao f.	0.1105	-0.9506	1	282	1737	110
19011	gao h.	-0.162	-0.566	1	405	1323	58
19016	gao j.	0.0526	-0.1322	1	414	1309	45
19032	gao s.	-0.0564	-0.1881	6	326	1069	34
19041	gao x.	0.3818	-0.0858	1	401	1433	57
19059	gao z.	-0.0456	-0.247	1	316	649	36
19310	gauthier d.j.	-0.6014	0.6983	6	681	11876	407
19551	georgieva p.	-0.6392	-0.8013	1	206	908	54
19586	gergel p.	-1.1695	-0.0502	5	272	1181	39
19617	gershenfeld n.a.	-0.151	0.6721	4	397	2646	108
19631	gerstner w.	-0.5716	0.2202	3	409	3177	124
19792	ghosh d.	-1.3529	0.5438	6	187	1145	47
19901	gigan s.	0.1992	0.5922	4	542	5617	166
19990	gimzewski j.k.	0.8347	0.4864	2	543	9361	278
20049	girvan m.	-0.8607	0.5063	6	407	2087	77
20108	glass l.	-0.2349	0.076	6	707	6407	266
20400	gomez f.	-1.0058	-0.3513	5	357	1826	73
20679	goulas a.	-0.2194	0.3669	3	350	1060	36
20857	graves a.	-0.2508	-0.3717	5	316	881	44
20891	grebogi c.	-1.0099	0.288	6	266	2163	72
21068	grollier j.	0.6866	0.544	7	685	13181	376
21097	grossberg s.	-0.5272	0.1596	3	177	511	30
21321	guestrin c.	-0.1951	-0.6696	1	207	529	30
21343	gui w.	-0.2198	-0.7847	1	210	648	37
21458	guo f.	0.1707	-0.0861	1	253	706	35
21473	guo l.	0.063	-0.5102	1	225	462	31
21499	guo w.	-0.0683	-0.2463	1	254	590	35
21506	guo x.	1.0694	-0.209	2	485	3338	101
21516	guo y.	-0.0279	-0.3867	1	330	844	39
21634	gutierrez j.m.	-0.0387	0.9314	4	278	1448	46
21725	haas h.	-0.3807	0.0998	5	869	40914	2107
21812	haelterman m.	0.083	0.8952	4	247	1544	34
21830	haffner p.	0.1571	0.037	3	535	2352	98
21907	haider m.r.	0.461	-0.08	5	166	465	30
22159	han h.	-0.2101	-0.6936	1	220	513	31
22167	han j.	0.3098	-0.3866	1	325	839	40
22182	han m.	-0.5466	-0.6049	1	623	7085	405
22194	han s.	0.8364	-0.2765	2	342	1240	45
22197	han s.-t.	1.4125	-0.3921	2	490	12731	199
22210	han y.	0.6348	-0.3188	2	376	1174	39
22215	han z.	-0.0119	-0.3404	1	275	1081	66
22302	hansen n.	-0.8002	-0.0054	5	201	545	30
22320	hanzo l.	0.04	-0.4185	1	175	542	38
22326	hao j.	1.1274	-0.5408	2	317	1830	34
22332	hao k.	-0.5396	-0.4233	1	400	1934	68
22351	hao y.	0.7405	0.5789	4	514	6700	214
22443	harley r.g.	-0.9539	-0.6184	1	135	385	35
22502	harris j.g.	-0.7161	-0.4867	5	542	4902	243
22628	hasegawa t.	1.2092	0.3389	2	223	1352	51
22655	hashimoto t.	0.2734	0.5955	4	549	3357	110
22669	hassabis d.	0.7184	0.4429	4	304	1180	33
22768	hauser h.	-0.5299	-0.0628	5	524	3191	127
22828	haycock p.w.	-0.6201	-0.2858	5	510	2990	136
22850	haykin s.	-0.7878	-0.295	5	650	7345	417
22896	he d.	0.831	-0.6305	2	277	1034	39
22902	he h.	0.1706	-0.5214	1	255	714	32
22905	he j.	0.4878	-0.427	2	397	1627	56
22945	he y.	-0.0383	-0.364	1	345	711	32
22952	he z.	0.1652	0.0418	4	317	876	35
22989	hebb d.o.	-0.2107	0.0154	3	429	1673	48
23055	heidari h.	0.7215	0.1249	2	194	639	33
23060	heidemann g.	-0.7215	-0.3466	5	254	691	31
23244	henon m.	-0.4205	-0.0841	5	368	1118	43
23257	hens c.	-1.4446	0.6572	6	148	1079	38
23345	heroux j.b.	0.1372	0.1988	4	305	727	36
23377	hersam m.c.	1.263	-0.322	2	371	3662	54
23576	hilgetag c.c.	-0.5314	0.0738	3	307	1263	38
23597	hillebrands b.	0.9476	0.862	7	169	748	33
23615	hinaut x.	-0.3742	-0.0021	5	443	2096	97
23639	hinton g.	-0.0388	0.0043	5	831	14904	606
23682	hirose a.	0.3041	0.3826	7	836	26225	1035
23712	hissel d.	-0.0421	-0.9104	1	283	1939	104
23811	hochreiter s.	-0.3311	-0.164	5	425	1477	64
24035	hong c.s.	-0.3174	-0.4975	1	256	722	34
24137	hopfield j.j.	-0.239	0.1897	3	599	3860	110
24170	horio y.	-0.0795	0.56	7	170	802	49
24259	hosseiny r.	-1.1238	-0.6329	5	144	500	33
24388	hramov a.e.	-0.9312	-0.0238	6	224	3694	145
24491	hu h.f.	-0.2726	-0.5276	1	412	1912	93
24494	hu j.	-0.2752	-0.3163	1	359	1098	49
24528	hu w.	0.8598	0.1557	4	498	3870	109
24536	hu x.	0.1821	-0.4447	1	326	712	40
24545	hu y.	0.4771	-0.408	1	342	809	31
24553	hu z.	0.3474	-0.5779	1	320	863	34
24585	huang c.	-0.0184	0.0857	1	492	1582	62
24596	huang d.	-0.116	0.0603	1	329	948	33
24620	huang h.	0.6298	-0.4522	2	396	1592	65
24639	huang j.	0.6416	-0.3543	2	549	3822	132
24659	huang n.e.	-0.1437	-0.7096	1	160	363	32
24671	huang r.	1.3054	-0.219	2	497	6785	145
24688	huang w.	0.9712	-0.3174	2	538	5058	114
24695	huang x.	-0.0545	-0.5823	1	373	1392	54
24713	huang y.	0.2505	-0.0836	1	463	1613	69
24730	huang z.	-0.1357	-0.2242	1	289	813	41
24921	hunt b.r.	-0.6459	0.2279	6	258	784	33
24976	hurtado a.	0.5707	0.9567	4	305	1786	67
25064	huxley a.f.	0.1503	0.2553	3	335	1127	43
25089	hwang c.s.	1.4222	-0.362	2	439	8766	222
25099	hwang h.	1.5329	-0.4059	2	388	7974	158
25436	ielmini d.	1.2895	-0.3063	2	489	5892	131
25485	iida f.	-0.858	0.7224	3	205	1018	43
25510	ijspeert a.j.	-0.8257	0.7232	3	289	1514	36
25730	indiveri g.	0.3358	0.1333	3	516	3044	135
26176	ito m.	-0.839	0.3185	3	145	629	37
26261	izhikevich e.m.	-0.1131	0.2731	3	484	2643	127
26396	jacquot m.	-0.0634	0.8493	4	608	6801	221
26415	jaeger h.	-0.3887	-0.0566	5	873	132109	7913
26617	jang h.w.	1.2349	-0.4229	2	320	1869	43
26729	jaurigue l.	-0.3629	0.9157	4	300	1486	45
26890	jenssen r.	-0.532	-0.3086	5	656	5249	230
26903	jeon s.	1.5804	-0.5665	2	207	2603	92
27012	ji y.	0.0861	0.1929	4	191	683	42
27086	jiang h.	0.2253	-0.5281	1	379	1204	52
27091	jiang j.	0.5504	-0.2477	1	438	1725	53
27121	jiang w.	0.2708	-0.0329	1	382	1150	50
27128	jiang y.	0.3436	-0.1582	1	363	1055	39
27216	jin j.	-0.4595	-0.3126	1	347	974	38
27248	jin y.	-0.5	-0.3561	1	539	3464	136
27578	jordan m.i.	-0.52	-0.137	5	244	635	36
27816	jungling t.	-0.9954	0.6388	6	342	2191	70
28066	kalinikos b.a.	0.8629	1.0108	7	301	2038	70
28167	kaminski w.a.	-0.4083	0.4771	3	216	939	44
28271	kang j.	1.0971	-0.4604	2	289	1102	34
28367	kantz h.	-0.7757	0.5619	6	224	951	38
28548	karniadakis g.e.	-0.3256	0.0693	6	384	1378	57
28597	kasabov n.	-0.2621	0.0213	3	403	2398	138
28625	kasinski a.	0.128	0.3524	3	267	906	35
28698	katori y.	-0.5604	0.4072	3	338	1460	53
28718	katumba a.	0.117	0.6112	4	223	937	40
28827	kawashima k.	-0.5358	0.5964	7	102	689	42
28833	kawato m.	-0.9151	0.3527	3	192	1597	64
28839	kay b.	0.4235	0.2162	3	435	1546	44
29049	kennard r.w.	-0.4037	0.1702	6	447	1708	80
29057	kennedy j.	-0.6258	-0.6043	5	240	698	40
29078	kenyon a.j.	0.8288	0.1386	2	377	1219	34
29081	keogh e.	-0.5808	-0.6858	5	195	887	46
29447	kiebel s.j.	-0.7294	-0.101	5	713	7630	314
29519	kim d.	-0.0174	-0.35	1	347	784	36
29527	kim d.h.	1.3482	-0.615	2	204	1004	32
29548	kim h.	0.7028	-0.2497	2	412	1732	63
29574	kim j.	0.7568	-0.257	2	514	3054	97
29594	kim k.	1.0778	-0.2757	2	371	1590	38
29631	kim s.	1.248	-0.4404	2	592	21413	757
29658	kim t.g.	1.4002	-0.5826	2	229	1295	34
29672	kim y.	0.485	-0.4516	2	390	1362	59
29719	king b.r.	-0.3757	-0.7012	1	314	926	49
29762	kinoshita k.	0.8765	0.268	2	399	2537	84
29880	kistler w.m.	-0.2604	0.0597	3	351	1540	81
29887	kitagawa m.	-0.0996	0.8628	7	434	3103	94
29957	klaui m.	0.7435	0.5513	7	263	1185	43
29968	kleemann h.	0.3503	0.3059	7	609	3693	107
30130	kobayashi k.	0.3607	1.0601	4	304	2107	83
30159	kocarev l.	-1.0454	0.1735	6	195	641	30
30161	koch c.	-0.4282	0.3218	3	317	1252	37
30242	kohonen t.	-0.8526	-0.0974	5	327	1180	51
30403	konkoli z.	0.3736	0.2168	7	463	3550	80
30467	koprinkova-hristova p.	-1.1969	-1.01	5	80	383	34
30581	kostylev m.	0.4594	0.8153	7	281	1560	49
30638	koumoutsakos p.	-0.6765	0.2656	6	611	5984	230
31012	kubota h.	0.7442	0.8997	7	424	4198	126
31040	kudithipudi d.	0.1573	-0.016	3	616	5239	157
31125	kumar a.	0.1837	0.0857	3	314	841	31
31169	kumar s.	0.5061	0.0222	2	365	1052	46
31176	kumar v.	-0.4734	-0.5283	1	274	807	40
31204	kuncic z.	1.1563	0.4992	2	400	4078	122
31227	kuniyoshi y.	-0.6212	0.6313	3	371	2909	75
31270	kuramoto y.	-1.0704	0.8329	6	233	1021	41
31313	kurths j.	-0.826	0.4774	6	525	6351	217
31364	kutz j.n.	-0.9023	0.125	6	352	2498	102
31509	labahn r.	-1.0221	-0.5585	5	298	1477	64
31635	lai y.-c.	-1.145	0.4496	6	613	13594	499
31875	langton c.g.	-0.486	0.522	3	418	2090	72
31887	lanza m.	1.2984	-0.4757	2	359	2960	48
31932	larger l.	0.2736	0.6063	4	707	17832	503
32068	laurent g.	-0.4284	0.5821	3	324	1599	54
32211	le q.v.	-0.1524	0.0159	3	397	1128	46
32325	lecun y.	-0.1998	-0.0758	3	389	1248	48
32421	lee j.	0.1835	-0.2381	1	523	1998	96
32430	lee j.-s.	1.2785	-0.4981	2	422	4306	96
32437	lee j.h.	0.8289	-0.6018	2	196	973	32
32441	lee j.m.	-0.4685	-0.7744	1	373	1927	95
32497	lee s.	0.71	-0.4978	2	471	2313	77
32527	lee t.	0.6629	-0.5245	2	278	895	31
32534	lee t.-w.	1.2488	-0.3771	2	363	2489	63
32605	legenstein r.	-0.6916	0.2222	3	541	4432	164
32758	lendasse a.	-0.7343	-0.6945	5	166	597	37
32781	lenstra d.	0.1405	1.3064	4	174	857	32
32795	leo k.	0.9164	0.0678	2	389	1760	40
32906	leung h.	-0.701	-0.5483	1	253	744	42
33025	lewis a.	-0.3299	-0.5253	1	328	1116	60
33034	lewis f.l.	-0.3303	-0.7228	1	202	961	51
33065	li b.	0.1526	-0.3009	1	398	978	48
33072	li c.	-0.2086	-0.3532	1	663	4908	207
33083	li d.	0.2675	-0.6171	1	407	1243	52
33097	li f.	0.0379	-0.5436	1	483	1838	68
33106	li g.	0.4125	-0.0967	1	422	1243	66
33116	li h.	0.1884	-0.3641	1	761	6741	273
33139	li j.	0.1865	-0.3456	1	657	3609	156
33160	li k.	-0.2754	-0.435	1	373	930	42
33164	li l.	0.0456	-0.348	1	627	3064	131
33177	li m.	0.258	-0.0819	1	517	3017	89
33187	li n.	0.0952	0.4496	4	469	2879	104
33194	li p.	0.073	0.3121	3	637	6923	270
33204	li q.	0.4136	-0.4624	1	447	1751	62
33213	li r.	0.0679	-0.3918	1	428	1369	56
33216	li r.-w.	1.4168	-0.4333	2	319	2348	42
33225	li s.	0.0614	-0.0684	1	729	5502	254
33245	li t.	0.2012	-0.4822	1	326	1127	50
33255	li w.	-0.0144	-0.4184	1	736	6680	237
33272	li x.	0.2163	-0.0912	1	790	8518	330
33300	li y.	0.1394	-0.489	1	764	9126	391
33334	li z.	0.2164	-0.3009	1	633	3023	125
33409	liang x.	0.608	-0.1068	2	409	1442	56
33532	liew t.c.h.	-0.2487	0.8547	7	479	5657	193
33668	lin c.	-0.0276	-0.6264	1	257	663	36
33707	lin h.	-0.1794	-0.6303	1	427	1618	74
33716	lin j.	0.1542	-0.5013	1	275	718	39
33766	lin w.	-0.4393	0.1578	6	373	1414	55
33771	lin x.	0.187	0.02	4	293	737	41
33776	lin y.	0.3021	-0.4185	1	306	766	37
33791	lin z.	0.0718	-0.2026	1	339	765	33
33800	linares-barranco b.	0.5332	0.0251	3	369	1622	46
33917	lipson h.	-1.0046	0.3397	3	241	1050	49
33982	liu b.	0.0614	-0.1634	1	341	820	50
33987	liu c.	0.3208	0.0001	1	580	2703	97
34000	liu d.	-0.0319	-0.3837	1	501	2897	114
34004	liu d.r.	-0.6811	-1.0629	1	116	581	32
34012	liu f.	0.3724	-0.1513	1	445	1408	44
34017	liu g.	0.9952	-0.5083	2	337	1416	34
34028	liu h.	-0.0728	-0.4979	1	607	4094	184
34045	liu j.	0.2451	-0.4714	1	668	4389	179
34051	liu j.-m.	1.0052	0.2304	4	480	5397	110
34068	liu k.	0.3937	-0.2454	1	557	2896	103
34075	liu l.	0.1365	-0.3108	1	701	5421	259
34084	liu m.	0.92	-0.4965	2	617	8184	214
34095	liu q.	0.7033	-0.2959	2	629	5327	140
34105	liu r.	0.1035	-0.1443	1	434	1220	54
34108	liu r.h.	1.1555	0.3971	7	312	1473	36
34117	liu s.	0.0028	-0.3928	1	568	2701	113
34119	liu s.-c.	0.5538	0.0884	3	367	1310	56
34140	liu w.	0.534	-0.4491	1	437	1506	51
34155	liu x.	0.1669	-0.3309	1	670	3633	171
34178	liu y.	0.3543	-0.455	1	758	9192	372
34204	liu z.	0.3924	-0.4049	1	629	4567	176
34230	livi l.	-1.0772	0.1201	6	362	1729	61
34280	lloyd s.	-0.3939	0.7261	7	278	1744	66
34433	lones m.a.	-0.5089	-0.6546	1	218	530	31
34451	long s.	1.2369	-0.3082	2	391	2716	71
34552	lorenz e.n.	-0.8517	0.2469	6	615	7155	295
34564	lorincz a.	-0.9922	-0.4434	5	230	1028	48
34728	ltifi h.	-0.2289	-0.7437	1	176	734	47
34736	lu c.	0.2026	-0.4055	1	337	1152	49
34754	lu h.	0.137	-0.6922	1	328	993	43
34763	lu j.	0.2429	-0.3948	2	431	1516	44
34800	lu w.d.	0.9802	-0.0263	2	802	37724	1092
34807	lu x.	-0.1397	-0.3475	1	294	711	38
34823	lu z.	-0.4459	-0.0228	6	302	706	36
34894	ludermir t.b.	-0.694	-0.433	5	365	2079	85
34899	ludge k.	-0.0644	0.9861	4	568	10256	322
34967	lukosevicius m.	-0.5718	-0.1457	5	808	14433	723
35064	luo x.	-0.0402	-0.816	1	287	1168	36
35070	luo y.	-0.0933	-0.7678	1	247	793	47
35191	lyon r.	0.1935	0.3674	3	423	2411	106
35198	lyra c.	-0.6312	-0.5784	5	110	534	43
35250	ma h.	-0.2895	-0.3201	1	374	1243	50
35256	ma j.	-0.0557	-0.3377	1	299	720	37
35273	ma q.	-0.1978	-0.5046	1	327	994	45
35298	ma x.	0.124	-0.5552	1	291	561	34
35332	maass w.	-0.4281	0.3639	3	815	29169	1103
35506	mader p.	-0.6517	-0.2378	6	256	885	35
35611	magri l.	-0.8874	0.2737	6	455	5625	274
35836	maksymov i.s.	0.0703	0.4991	7	167	1578	42
35865	maleki l.	0.7479	0.6029	4	201	4093	49
35917	malliaras g.g.	1.2515	-0.1911	2	253	1443	33
36023	mandic d.p.	-0.645	-0.3697	5	349	1829	82
36133	manoonpong p.	-0.6559	0.4705	7	296	1494	75
36422	mark r.g.	0.399	-0.1231	2	362	1166	45
36455	markovic d.	0.2142	0.7269	7	432	1979	57
36461	markram h.	-0.278	0.3284	3	870	46353	2188
36593	martens j.-p.	-0.347	-0.0158	5	669	7476	295
36812	masoller c.	-0.5189	0.6254	6	255	976	45
36841	massar s.	0.1074	0.8771	4	813	47188	1738
36928	mathews n.	1.4079	-0.3993	2	310	2173	40
36996	matsumoto t.	0.5239	0.1338	2	447	2509	85
37283	mcclelland j.l.	-0.8195	0.0699	3	228	688	31
37464	mcmahon p.l.	0.3093	0.6174	4	285	1000	36
37519	mead c.	0.6127	0.2081	3	423	1850	69
37782	memmesheimer r.-m.	-1.2631	0.8475	6	183	904	30
38008	merzenich m.m.	-0.7793	0.2311	3	253	862	33
38012	mesaritakis c.	0.3207	0.805	4	212	654	33
38129	mezic i.	-0.764	-0.1303	6	209	741	31
38169	miao f.	1.4215	-0.375	2	312	1809	37
38181	miao x.	1.4648	-0.3446	2	326	2506	44
38222	micheli a.	-0.5642	-0.3671	5	786	16462	784
38271	midya r.	0.5948	0.0495	2	284	784	30
38304	miikkulainen r.	-0.6875	-0.3705	5	261	1129	61
38324	mikolajick t.	1.5615	-0.3656	2	291	2911	68
38339	milano g.	0.6978	0.2493	2	320	1531	59
38614	mirasso c.r.	0.14	0.9308	4	511	5490	213
38627	mirjalili s.	-0.3259	-0.5803	1	201	551	32
38685	misic b.	-0.2285	0.5207	3	364	1850	50
38780	miwa s.	0.4629	0.8379	7	388	2207	68
38941	modha d.s.	0.6755	0.1818	3	387	1860	54
39341	moon j.	0.5207	0.0715	2	466	2223	92
39555	morie t.	-0.1653	0.7998	7	159	897	46
39997	muller k.-r.	-0.745	-0.2112	6	227	1387	36
40142	munoz m.a.	-0.5471	0.6706	3	247	1793	42
40488	nagasawa t.	0.8829	1.0608	7	220	1037	33
40528	nahavandi s.	-0.5141	-0.5021	1	205	489	50
40594	nakajima k.	0.0551	0.6933	7	761	23670	860
40608	nakamura m.	0.9746	0.831	4	59	321	45
40612	nakamura y.	-0.5684	-0.2716	5	477	2133	91
40616	nakane r.	0.7434	0.1259	2	314	1123	39
40620	nakano d.	-0.266	0.8207	3	292	1474	40
40644	nakayama t.	1.2439	0.2666	2	296	2649	56
40866	natschlager t.	-0.2201	0.5918	3	655	7069	236
41058	nekorkin v.i.	-0.8486	0.6611	3	181	921	39
41093	nelson s.b.	0.0188	0.1815	3	342	1170	32
41314	newsome w.t.	-0.6006	0.5074	3	342	1178	32
42126	nuttin m.	-0.6688	-0.431	1	432	2279	122
42327	ogawa t.	1.1475	0.2522	2	295	1510	41
42406	ohki t.a.	-0.0451	0.8967	7	384	2533	67
42416	ohno h.	0.9959	0.5695	7	296	2027	57
42431	ohtsubo j.	0.5978	0.9184	4	214	1343	36
42446	oja e.	-0.9132	-0.111	3	245	940	44
42939	ortega j.-p.	-0.6894	0.3294	6	753	16445	617
42951	ortin s.	0.2889	0.5983	4	290	1370	56
43002	osipov e.	-0.2785	0.0124	3	265	841	41
43038	ostojic s.	-0.8046	0.552	3	302	1799	38
43075	ott e.	-0.8532	0.4952	6	788	34085	1382
43143	outbib r.	-0.224	-0.6729	1	275	856	42
43246	ozcan a.	0.5552	0.8654	4	210	1209	37
43319	pachnicke s.	0.5875	0.6326	4	179	753	49
43501	palm g.	-0.8166	-0.9032	5	211	1350	111
43592	pan s.	0.9179	0.2881	4	276	2437	32
43606	pan y.	-0.4605	-0.1732	1	325	1171	42
43644	panda p.	0.585	-0.001	3	469	2134	72
43681	panella m.	-0.6331	-0.608	1	279	1002	54
43820	paquot y.	0.3183	0.7612	4	461	3684	162
43874	parhi k.k.	-0.1284	0.2696	3	287	1094	38
43904	park b.-g.	1.639	-0.3172	2	256	2095	65
43941	park j.-h.	1.0005	-0.4408	2	375	2142	64
44017	parlitz u.	-1.0432	0.3639	6	573	7294	239
44022	parlos a.g.	-0.2956	0.2173	5	627	4874	191
44203	pathak j.	-0.6311	0.4209	6	225	711	32
44358	pavesi l.	0.3685	0.6135	4	349	3037	126
44418	pearlmutter b.a.	-0.6671	0.1369	5	218	617	32
44440	pecht m.	0.057	-0.7577	1	184	579	37
44448	pecora l.m.	-0.9394	0.6541	6	408	2699	89
44474	pedrelli l.	-0.3356	-0.211	5	818	14671	613
44488	pedrycz w.	-0.2042	-0.8298	1	154	476	40
44606	peng h.	0.3685	-0.4905	1	440	1683	49
44635	peng x.	-0.2589	-0.7385	1	249	616	37
44639	peng x.y.	-0.7024	-0.8399	1	126	451	37
44682	penrose r.	-0.8179	0.2524	3	267	895	38
44771	perez-jimenez m.j.	-0.2675	-0.9914	1	137	2468	59
44821	perkins e.	-0.2974	0.8968	7	258	3111	127
44846	pernice w.h.p.	0.7715	0.3459	4	305	1085	31
44915	pesquera l.	0.1106	0.7968	4	613	7266	208
45077	pfeifer r.	-0.0952	0.7021	7	670	13945	493
45080	pfeiffer m.	0.1516	-0.1574	3	234	756	32
45498	pipa g.	-0.2513	0.9546	4	279	1439	50
45536	pisarchik a.n.	-0.9594	-0.0574	6	166	2281	48
45566	pitts w.	-0.028	0.0405	3	429	1318	36
45591	plank j.s.	0.3405	0.0269	3	175	472	30
45639	plenz d.	-0.3818	0.6502	3	299	2978	106
45659	ploger p.	-1.0167	-0.4513	5	366	2292	117
45799	poll s.	-0.2717	-0.7813	1	243	689	32
45822	polosukhin i.	-0.1889	-0.0227	6	331	952	42
45856	pompe b.	-0.4675	0.589	6	245	753	32
45902	poor h.v.	-0.3056	-0.4307	1	338	1110	54
45940	popovici d.	-0.7453	-0.4643	5	250	808	69
45960	porod w.	0.6712	0.6687	7	243	987	33
46010	pospichal j.	-0.6008	-0.2734	5	378	1669	65
46048	potter s.m.	-0.6123	0.549	3	275	1293	50
46403	preskill j.	-0.5952	1.0725	7	207	1301	48
46479	principe j.c.	-0.7382	-0.3545	5	688	9838	470
46696	procaccia i.	-0.5339	0.1199	6	259	861	42
46878	prodromakis t.	0.8979	0.24	2	432	1949	39
46893	prokhorov d.	-1.124	-0.7583	5	220	1253	91
46930	protopapas p.	-0.7939	-0.2695	5	205	614	32
46945	prucnal p.r.	0.6391	0.6784	4	468	4224	138
46970	psaltis d.	0.6194	0.583	4	256	1665	48
47117	pyragas k.	-0.9312	0.5596	6	334	1964	71
47178	qian h.	1.1447	-0.2589	2	456	3699	94
47213	qiao j.	-0.226	-0.7984	1	309	1185	83
47216	qiao j.f.	-0.3946	-0.8727	1	174	520	41
47239	qin j.	0.0617	0.1773	4	304	905	36
47285	qiu k.	0.2736	0.5866	4	231	1095	47
47293	qiu t.	-0.3074	-0.7417	1	237	613	35
47385	querlioz d.	0.6445	0.5877	7	372	1459	42
48144	rath c.	-0.9206	0.4245	6	424	4090	149
48353	recht b.	-1.0142	-0.2062	5	208	757	33
48473	regehr w.g.	1.0139	-0.1946	2	383	2232	69
48600	reitzenstein s.	0.5311	0.9579	4	202	844	35
48676	ren x.	0.0941	-0.6497	1	239	719	42
48962	ricciardi c.	1.2387	0.2273	2	517	7706	229
49413	rodan a.	-1.3779	-0.0664	5	144	558	30
49677	rontani d.	0.1586	0.9053	4	445	4291	146
49738	rose g.s.	0.6637	-0.1164	3	350	1863	86
49781	rosenblatt f.	-0.0325	0.0843	3	353	1363	48
49846	rossello j.l.	-0.002	0.3404	3	509	4191	132
49873	rossler o.e.	-0.8213	0.2997	6	392	1994	75
49978	rovithakis g.a.	-0.0153	-0.8785	1	108	475	32
50023	roy k.	0.3637	0.1557	3	537	4124	171
50029	roy r.	0.1583	0.8329	4	485	7940	157
50110	rubino g.	-1.0981	-0.6612	5	225	1687	85
50172	ruelle d.	-1.0979	0.2962	6	237	1026	41
50509	sadeghian a.	-0.7246	-0.5408	1	358	1695	80
50585	sagawa t.	-0.637	0.7719	7	270	1145	39
50682	saiki y.	-1.3334	0.3881	6	230	1272	50
50708	sait s.m.	-0.231	-0.006	7	271	728	30
50782	salakhutdinov r.	-0.4101	-0.3049	5	466	1913	91
50816	salcedo-sanz s.	-0.1936	-0.2777	1	235	750	32
50883	salleo a.	1.1723	-0.2199	2	301	1529	51
51263	sanyal a.	0.2756	0.025	3	324	1021	43
51281	sapsis t.p.	-1.1081	0.234	6	169	882	39
51354	sarles s.a.	1.0864	0.2286	2	199	1169	34
51629	scattolini r.	-0.617	-0.6502	1	190	739	55
51635	schaal s.	-1.0596	0.1406	5	119	429	40
51731	schemmel j.	-0.2021	0.558	3	343	1456	40
51863	schmidhuber j.	-0.4586	-0.1817	5	827	16793	722
51966	schoenauer m.	-1.0594	-0.5039	5	231	1260	44
51986	scholkopf b.	-0.679	-0.1204	6	319	1365	49
51989	scholl e.	-0.0556	0.9335	4	301	3036	67
52045	schrauwen b.	-0.4815	0.1443	5	832	23497	933
52059	schreiber t.	-0.9473	0.3434	6	407	2335	103
52157	schumacher j.	-0.9728	0.3673	6	224	2130	105
52167	schuman c.d.	0.1246	0.1829	3	315	921	42
52260	schwenker f.	-0.5594	-0.918	1	235	719	32
52277	sciamanna m.	0.4242	1.1161	4	361	5239	198
52479	sejnowski t.j.	-0.5771	0.0672	3	552	3617	123
52938	shafin r.	0.1379	-0.6782	1	108	448	30
53128	shannon c.e.	-0.5202	0.2912	3	249	598	30
53142	shao j.	0.3558	-0.5681	1	342	1047	42
53265	shastri b.j.	0.12	0.7498	4	320	1541	45
53378	shen g.	1.2304	-0.4494	2	309	1516	30
53413	shen y.	0.4449	0.517	4	300	1098	40
53491	sherstinsky a.	0.0693	-0.2212	6	310	855	37
53528	shi j.	0.1889	-0.3187	1	274	658	32
53537	shi l.	0.671	-0.1685	3	396	1845	51
53559	shi y.	0.2475	-0.3146	1	558	2135	79
53722	shirakashi j.	0.9856	0.5424	7	49	656	30
53742	shishir b.	-0.8583	-0.4097	5	285	916	51
53816	shore k.a.	0.3741	0.9646	4	277	2438	62
53879	showkati h.	-0.6318	-0.5734	1	329	1405	79
53896	shrimali m.d.	-1.1679	0.7051	6	198	1341	55
54101	siew c.-k.	-0.436	-0.227	5	562	3782	209
54109	siewert u.	-0.6254	-0.3632	5	732	11142	557
54164	sillin h.o.	0.4518	0.4219	2	274	1114	37
54213	silver d.	0.0101	0.2602	4	290	875	41
54229	silvestri l.	-0.6679	-0.6076	5	315	1565	59
54381	singer w.	-0.4717	0.3423	3	307	1985	43
54420	singh s.	-0.3972	-0.2477	1	319	727	31
54458	sinha s.	0.0499	0.4292	6	382	1437	44
54666	slesazeck s.	1.715	-0.4302	2	187	1076	34
54718	small m.	-0.8606	0.3602	6	508	4802	175
54745	smerieri a.	0.2323	0.4864	4	340	2366	97
54871	snasel v.	-0.8472	-0.3567	5	288	962	32
55018	sojakka s.	-0.0353	0.6265	3	623	5390	179
55064	soljacic m.	0.3815	0.6922	4	333	1555	51
55149	sompolinsky h.	-0.8448	0.4131	3	546	7618	272
55239	song y.	-0.3604	-0.1999	1	665	4118	188
55275	sontag e.d.	-0.8173	0.2623	3	550	4898	166
55326	soriano m.c.	0.1443	0.8049	4	763	16471	585
55347	sorokina m.	0.2373	0.6165	4	200	705	35
55351	sorrentino f.	-0.8762	0.7927	6	285	1422	39
55440	spagnolo b.	1.1328	0.217	2	206	2051	42
55549	sperduti a.	-1.1891	-0.4679	5	258	1835	89
55618	sporns o.	-0.4556	0.3799	3	461	4644	131
55643	sprott j.c.	-0.7455	0.4929	6	311	1249	48
55829	stanley h.e.	-0.0298	0.1401	3	287	771	36
55944	stefanovic d.	-0.4444	0.3357	3	444	2563	94
55972	steil j.j.	-0.8889	-0.135	5	688	10912	441
56078	stepney s.	0.2486	0.3853	7	517	3319	95
56124	stewart d.r.	1.0497	-0.1244	2	385	2010	48
56159	stiles m.d.	1.0861	0.4871	7	374	2425	62
56394	strogatz s.h.	-0.558	0.3707	6	614	4598	164
56407	stroobandt d.	-0.3311	0.1607	5	856	30711	1268
56436	strukov d.b.	1.1355	-0.0235	2	433	3368	73
56526	su h.	0.1041	-0.9513	1	293	1163	60
56558	su y.	0.2831	0.0483	4	226	752	31
56599	subramanian d.	-1.0307	0.1116	6	303	1492	67
56652	suganthan p.n.	-0.4108	-0.7675	1	276	976	49
56664	sugihara g.	-1.0207	0.2396	6	187	788	36
56709	sujith r.i.	-1.1417	0.4988	6	62	526	31
56770	sun c.	0.0799	-0.4915	1	314	714	34
56789	sun j.	0.0481	-0.0344	2	783	6687	274
56807	sun l.	0.3409	-0.2273	1	468	1626	69
56814	sun m.	-0.0941	-0.7018	1	276	728	37
56839	sun w.	0.3706	-0.2141	1	358	920	31
56844	sun x.	-0.2792	-0.4854	1	290	689	35
56854	sun y.	0.2384	-0.3628	1	521	2191	97
56865	sun z.	0.1636	-0.5691	1	288	671	35
56888	sundararajan n.	-0.6071	-0.3699	5	178	453	30
57030	sutskever i.	-0.6385	-0.2259	5	359	1462	57
57061	suzuki y.	0.4902	0.7953	7	340	2340	63
57178	sylvestre j.	0.1654	0.7142	7	603	6260	208
57227	syvridis d.	0.4534	0.826	4	441	4687	135
57235	szacilowski k.	0.6158	0.0583	7	350	6753	125
57304	tabata h.	0.111	0.3317	7	246	1146	43
57440	takagi s.	1.3217	0.0596	2	315	3199	174
57446	takahashi h.	-0.3024	0.5257	3	426	2465	79
57469	takano k.	0.3196	0.8677	4	225	1004	38
57484	takeda s.	-0.2821	0.4856	6	448	1748	64
57490	takei k.	0.8151	-0.0627	2	224	975	52
57498	takens f.	-0.9349	0.0535	6	428	2651	128
57595	tamukoh h.	-0.1366	0.4373	7	330	1549	73
57605	tan c.	0.9789	-0.5111	2	300	1552	48
57637	tan m.	-0.0598	-0.3648	1	216	584	33
57675	tanaka g.	-0.0381	0.257	7	805	14758	548
57678	tanaka h.	1.054	0.1547	2	426	3678	112
57685	tanaka s.	-0.6059	0.2853	3	397	2061	81
57722	tang h.	-0.1833	-0.4083	1	246	643	34
57731	tang j.	0.3201	-0.1707	1	453	1701	62
57797	tani j.	-1.0253	0.217	3	202	1041	30
57810	taniguchi t.	0.5102	0.9738	7	301	1956	65
57862	tao r.	-0.223	-0.718	1	257	625	37
58254	terabe k.	1.2507	0.4471	2	408	6563	182
58330	teuscher c.	0.2279	0.3415	3	620	9078	242
58800	tian z.	-0.0947	-0.4904	1	281	731	42
58819	tibshirani r.	-0.643	-0.3586	1	409	1561	81
58940	tino p.	-0.5407	-0.1276	5	815	17453	747
59091	tokura y.	0.99	0.5022	7	208	905	35
59186	tong s.	-0.0066	-0.8072	1	227	1231	60
59271	torrejon j.	0.4533	0.5593	7	475	3253	131
59519	trefzer m.a.	0.3087	0.4793	7	583	5858	162
59579	triesch j.	-0.8616	0.014	5	442	3644	136
59689	trzynadlowski a.m.	-0.2937	-0.4409	1	356	911	41
59790	tseng t.y.	1.2243	-0.6083	2	330	2334	55
59824	tsodyks m.	-0.3875	0.4536	3	305	1342	54
59848	tsuchiya t.	0.8131	0.3437	2	197	680	37
59851	tsuda i.	-0.9823	0.6644	3	215	1443	44
59876	tsunegi s.	0.5532	0.5646	7	429	2337	67
59947	tufte g.	0.1488	0.7433	7	404	2094	81
60018	turitsyn s.	0.5793	0.6773	4	313	2212	81
60174	uchida a.	0.3329	0.9934	4	675	19630	760
60340	uncini a.	-0.7671	-0.4818	1	350	1482	78
60466	uselis a.	-0.5832	-0.0534	6	298	970	36
60712	valov i.	1.523	-0.2332	2	290	1572	36
60741	van campenhout j.	-0.3462	0.3039	3	800	16083	673
60809	van der maaten l.	-0.1596	-0.3994	1	212	558	38
60822	van der sande g.	0.3452	1.0195	4	636	13270	511
60845	van der wiel w.g.	0.7363	0.4508	2	323	1302	43
60859	van dijken s.	1.1031	-0.0456	2	418	2056	57
60989	van schaik a.	0.1975	-0.0367	3	185	596	31
61007	van vaerenbergh t.	0.5771	0.4298	4	275	985	38
61015	van waeyenberge b.	0.9185	1.0059	7	156	829	40
61072	vandewalle j.	-0.5494	-0.2577	5	236	741	46
61088	vandoorne k.	0.1434	0.7705	4	459	4077	187
61125	vapnik v.	-0.6428	-0.221	5	479	2881	145
61170	vargas d.v.	-0.2368	0.3844	3	396	1584	32
61223	vasilaki e.	-0.1956	0.6769	7	286	1039	33
61380	venayagamoorthy g.k.	-0.5516	-0.7279	1	317	1315	98
61429	ventura d.	-0.2839	0.205	3	386	2384	121
61531	verschaffelt g.	0.5205	0.9539	4	194	955	37
61541	verstraeten d.	-0.2666	0.2051	4	432	1960	100
61733	vinckier q.	0.2136	1.1236	4	253	1383	55
61838	vitiello g.	-0.8835	0.8054	3	29	424	32
62005	von zuben f.j.	-0.7398	-0.126	5	281	1561	86
62093	vulpiani a.	-0.796	0.7277	6	191	896	31
62364	wan q.	1.2669	-0.3302	2	461	6948	195
62395	wang b.	-0.1953	-0.096	1	315	690	32
62406	wang c.	0.3564	0.0599	4	604	4476	204
62425	wang d.	-0.2003	-0.4161	1	621	3982	177
62439	wang f.	-0.0197	-0.4892	1	577	2393	104
62448	wang g.	0.5876	-0.2533	2	556	3108	113
62462	wang h.	0.3796	-0.4192	1	671	4722	209
62493	wang j.	-0.0726	-0.6114	1	765	13639	622
62522	wang k.	0.3043	-0.0614	1	428	1527	49
62539	wang l.	0.0443	-0.3996	1	776	7360	316
62561	wang m.	0.0865	-0.4768	1	378	1061	56
62577	wang p.	0.1474	-0.2991	1	421	1399	55
62581	wang q.	0.0679	-0.1177	1	400	1297	70
62588	wang r.	-0.0608	-0.0918	1	352	877	32
62605	wang s.	0.2249	-0.3542	1	649	4502	191
62634	wang t.	0.361	-0.3252	1	473	1579	55
62642	wang w.	0.1153	-0.4129	1	717	5703	258
62671	wang x.	-0.1601	-0.0704	1	780	7720	315
62673	wang x. g.	-1.7838	1.0511	6	58	956	32
62679	wang x.-j.	-0.2728	0.4531	3	319	1147	43
62703	wang y.	-0.082	-0.2176	1	794	9116	426
62741	wang z.	0.2312	-0.3625	1	753	7116	249
62825	waser r.	1.1981	-0.0788	2	339	1932	38
63077	wei q.	0.1133	-0.5653	1	316	1502	53
63133	weigend a.s.	-0.2484	0.0346	4	325	1045	45
63266	welling m.	-0.4893	-0.1417	5	240	713	38
63367	werbos p.j.	-0.5071	-0.1708	5	674	5582	220
63373	wermter s.	-0.4779	-0.3415	5	266	956	68
63513	white h.	-0.8099	-0.093	6	310	1136	50
63666	wikle c.k.	-0.6669	-0.4479	1	223	1077	93
63773	williams r.j.	-0.4528	0.0319	5	625	3766	159
63774	williams r.s.	1.0105	0.0392	2	574	8675	184
64072	wolfram s.	-0.4887	0.4898	3	289	1883	64
64134	wong h.s.p.	1.1042	-0.1331	2	522	4736	132
64358	wu c.	-0.0056	-0.2074	1	320	712	33
64372	wu d.	0.4324	-0.4625	1	464	1894	54
64392	wu h.	0.9934	-0.13	2	742	18674	541
64409	wu j.	-0.0492	-0.2344	1	505	1701	96
64420	wu l.	0.6092	-0.5242	2	330	1610	42
64445	wu q.	-0.0443	0.0271	1	384	1323	43
64450	wu q.j.	-0.6782	-0.5741	1	434	2141	81
64478	wu w.	0.4621	-0.2153	2	317	744	30
64487	wu x.	0.1359	-0.1464	1	451	1419	59
64495	wu y.	0.3228	-0.2073	1	485	1498	59
64515	wu z.	-0.0151	0.1387	4	476	2558	100
64523	wu z.m.	0.0178	1.2256	4	189	1273	41
64566	wyffels f.	-0.2865	0.7894	7	342	1800	53
64584	wysocki b.	0.2653	-0.1198	3	523	2394	70
64624	xia g.	0.2574	0.9719	4	242	1509	49
64627	xia g.q.	0.2254	1.2095	4	190	1101	41
64645	xia q.	1.2296	-0.2932	2	435	3291	74
64655	xia x.	-0.2879	-0.5729	1	263	658	37
64809	xie y.	0.545	-0.398	2	421	1545	50
64894	xiong h.	-0.3247	-0.4863	1	282	659	33
64943	xu b.	0.2639	-0.3495	1	362	916	35
64946	xu c.	0.1133	0.0004	1	289	699	30
64975	xu j.	0.3313	-0.3535	1	488	1714	54
64987	xu k.	0.6188	0.3375	4	284	2245	34
64990	xu l.	0.2593	0.0602	7	414	1520	64
64997	xu m.	-0.2023	-0.6507	1	518	2494	114
65000	xu m.l.	-0.582	-0.8978	1	195	654	38
65020	xu w.	0.6013	-0.2502	2	575	3979	136
65030	xu x.	0.3127	-0.181	1	539	2892	119
65043	xu y.	0.0461	-0.4125	1	455	1544	69
65050	xu z.	0.0159	-0.0899	1	357	903	46
65239	yamamoto n.	-0.1551	0.8473	7	408	3715	123
65246	yamamoto y.	0.0083	1.0726	4	196	1061	38
65295	yan l.	0.3612	0.3878	4	232	710	37
65317	yan x.	0.3525	-0.5952	2	662	6560	196
65328	yan y.	0.6911	-0.4403	2	352	1213	37
65345	yanchuk s.	0.0469	0.9399	4	441	4166	118
65354	yang b.	-0.0831	-0.5013	1	273	668	35
65364	yang c.	-0.0389	-0.329	1	452	2217	101
65408	yang h.	0.5171	-0.1016	2	702	6599	199
65428	yang j.	0.1104	-0.2021	1	623	2917	116
65434	yang j.j.	1.3428	-0.123	2	591	15243	348
65445	yang l.	-0.0741	-0.019	1	522	2196	88
65463	yang q.	-0.22	-0.5154	1	362	1512	58
65472	yang s.	-0.0719	-0.6162	1	374	1244	63
65491	yang w.	0.1657	-0.2921	1	350	1088	44
65503	yang x.	-0.2607	-0.5372	1	340	1139	58
65519	yang y.	0.8113	-0.2462	2	707	10503	314
65543	yang z.	0.0268	-0.5815	1	361	973	50
65570	yao j.	0.726	0.301	4	429	5096	63
65585	yao p.	0.5573	-0.0155	2	301	1073	34
65597	yao x.	-0.4156	-0.5717	5	479	3193	183
65601	yao x.s.	-0.1349	-0.5556	1	272	859	34
65843	yi y.	0.0761	-0.0149	3	722	11740	451
65880	yilmaz o.	-0.3906	0.421	3	305	2071	63
65891	yin c.	-0.3282	-0.5545	1	280	1199	65
65901	yin h.	0.3813	0.34	4	271	968	35
66076	yorke j.a.	-0.9213	0.5838	6	398	3325	114
66105	yoshimura k.	0.0204	0.4342	7	649	5413	175
66190	young p.	-0.9726	-0.3226	5	390	2454	112
66245	yu d.	-0.3244	-0.6038	5	227	679	38
66261	yu h.	-0.1425	-0.1577	1	356	1269	55
66272	yu j.	0.2424	-0.3041	1	502	2261	97
66283	yu k.	-0.1133	-0.1366	1	313	870	42
66311	yu s.	0.7506	-0.0658	2	498	3023	104
66320	yu w.	-0.0971	-0.4057	1	420	1491	74
66324	yu x.	0.1854	-0.2379	1	373	999	52
66333	yu y.	0.2487	-0.0942	1	319	759	30
66343	yu z.	-0.2436	-0.1834	1	595	2868	83
66390	yuan y.	0.0396	-0.4821	1	268	608	32
66444	yuen k.f.	-0.3038	-0.6987	1	330	1221	55
66642	zambrini r.	-0.2747	0.8988	7	465	7973	274
66817	zell a.	-0.5045	-0.682	5	230	576	30
66873	zeng z.	0.4338	-0.089	7	351	1368	59
66896	zerhouni n.	-0.11	-0.8909	1	325	2290	148
66933	zhai j.	-0.1816	-0.642	1	338	1074	51
66962	zhang b.	0.2583	-0.6094	1	367	1057	58
66967	zhang c.	0.0366	-0.3843	1	524	2039	83
66973	zhang d.	0.0929	-0.3939	1	450	1463	59
66975	zhang d.w.	1.3949	-0.5376	2	310	1785	45
66979	zhang f.	-0.0047	-0.2686	1	298	704	33
66985	zhang g.	0.4729	-0.5553	1	447	1730	71
66991	zhang g.p.	-0.4985	-0.6549	1	227	545	32
67003	zhang h.	0.1227	-0.4951	1	718	7582	310
67027	zhang j.	0.0392	-0.2471	1	716	5138	254
67047	zhang k.	0.2615	-0.4175	1	524	2171	84
67053	zhang l.	-0.119	-0.283	1	589	2698	139
67068	zhang m.	0.0464	-0.1867	1	436	1576	80
67082	zhang p.	0.2324	-0.1818	1	347	893	40
67087	zhang q.	0.5631	-0.3067	2	545	2876	90
67098	zhang r.	-0.0887	-0.4821	1	444	1791	120
67106	zhang s.	0.0487	-0.2108	1	530	1927	79
67115	zhang t.	0.3879	-0.3256	1	513	2007	72
67123	zhang w.	0.2624	-0.3251	1	668	4306	171
67146	zhang x.	0.3735	-0.1495	1	732	9384	294
67174	zhang y.	0.0945	-0.3044	1	798	9754	434
67209	zhang z.	0.2644	-0.3375	1	613	3565	155
67238	zhao c.	0.4545	-0.266	2	434	1554	48
67253	zhao h.	0.1331	-0.3631	1	435	1334	46
67260	zhao j.	0.3108	-0.1925	1	551	2346	80
67276	zhao l.	0.0833	0.0127	1	378	1748	49
67312	zhao w.	0.7001	0.1368	7	361	1851	65
67320	zhao x.	-0.1662	-0.1254	1	484	1882	65
67332	zhao y.	0.4767	-0.2574	1	578	2438	90
67337	zhao z.	0.2019	-0.3922	1	391	962	35
67491	zhong y.	0.506	0.0314	2	481	2417	92
67508	zhou c.	-0.307	0.1492	6	429	1790	65
67536	zhou h.	0.0684	-0.1693	1	490	1513	58
67548	zhou j.	0.0744	-0.3503	1	410	1185	59
67571	zhou p.	1.1894	-0.4214	2	411	4138	99
67599	zhou x.	0.1498	-0.513	1	365	949	49
67606	zhou y.	0.8612	-0.3634	2	576	5026	134
67641	zhu h.	0.2428	0.2861	4	352	1232	35
67647	zhu j.	0.4082	-0.1713	1	371	1086	31
67682	zhu x.	0.0561	-0.389	1	328	819	45
67690	zhu y.	0.2251	-0.2334	1	383	946	42
67697	zhu z.	0.1076	-0.6746	1	275	632	32
67747	zibar d.	0.5722	0.5759	4	259	1472	80
67815	zio e.	-0.0937	-0.7382	1	294	2339	102
67818	zipser d.	-0.7037	-0.0112	5	442	2491	100
67822	zisserman a.	0.1455	-0.2909	3	352	1033	45
67907	zosso d.	0.0856	-0.5077	1	213	477	33
67933	zou x.	0.4248	0.4305	4	383	1670	61
