id	label	x	y	cluster	weight<Links>	weight<Total link strength>	weight<Citations>
77	abbott l.f.	0.6674	-0.0043	2	55	668	52
676	bienstman p.	1.0315	0.9017	4	39	685	57
709	bishop c.m.	-0.1117	0.0465	3	57	715	59
1380	cottrell g.w.	-0.7868	-0.1379	1	48	368	37
1615	demiris y.	-0.7289	0.2858	1	41	348	35
1723	dominey p.f.	-0.1419	-0.6547	5	50	776	47
1910	elman j.l.	-0.4091	-0.593	5	53	417	53
2094	fischer i.	0.9604	0.9308	4	45	1478	125
2169	frasconi p.	-0.2663	-0.2864	3	53	512	34
2352	gerstner w.	0.8152	-0.6235	2	50	526	45
2409	glass l.	-0.1779	0.4123	1	51	327	30
2463	gomez f.	-0.5153	-0.226	5	48	565	34
2634	haas h.	-0.089	0.3327	1	62	3723	406
2686	han m.	-0.797	0.3738	1	55	973	101
2734	harris j.g.	-0.5261	0.1019	1	59	1053	88
2789	haykin s.	-0.7532	0.0789	1	57	1701	186
2915	hinton g.	0.0071	0.1628	3	54	630	55
3277	jaeger h.	-0.3124	-0.0207	1	62	14063	2022
3516	kasabov n.	1.0955	-0.7895	2	30	346	40
3662	kistler w.m.	0.9736	-0.6934	2	34	347	33
3926	larger l.	0.8481	1.0717	4	36	427	39
4030	legenstein r.	0.4966	0.1219	2	60	800	58
4334	lukosevicius m.	-0.3044	0.4452	3	54	700	62
4356	lyon r.	0.8274	0.587	4	45	422	30
4372	maass w.	0.7012	-0.2187	2	61	4151	306
4517	markram h.	0.5067	-0.1396	2	62	5068	529
4540	martens j.-p.	0.0793	0.4204	3	52	795	59
4567	massar s.	0.9028	0.9705	4	50	1356	112
4767	micheli a.	-0.9094	0.5732	1	36	367	62
4771	miikkulainen r.	-0.1714	-0.8303	5	32	320	35
5068	natschlager t.	0.4823	-0.4181	2	57	645	45
5228	nuttin m.	-0.4804	0.4554	1	49	533	47
5389	palm g.	-0.9508	-0.5926	6	39	604	78
5451	parlos a.g.	0.0553	0.0227	7	58	807	51
5595	pfeifer r.	1.2503	-0.1353	7	26	339	44
5677	ploger p.	-0.5458	-0.5071	5	57	930	67
5721	popovici d.	0.2199	-0.4545	2	43	287	37
5777	principe j.c.	-0.5467	-0.0894	1	61	2392	197
5880	prokhorov d.	-1.0595	-0.4943	6	50	686	68
6479	schmidhuber j.	-0.0039	-0.3896	3	59	1261	85
6505	schrauwen b.	0.3844	0.3302	4	62	2469	190
6580	sejnowski t.j.	0.4151	-0.334	2	50	592	41
6761	siew c.-k.	-0.3977	0.6019	3	48	327	40
6764	siewert u.	-0.3434	0.159	5	60	1626	121
6917	sojakka s.	0.7483	0.2384	4	52	603	37
6941	sompolinsky h.	0.5679	-0.0345	2	56	845	64
6960	sontag e.d.	0.2956	-0.168	2	58	917	51
7050	steil j.j.	0.0058	-0.2783	6	61	3816	236
7113	stroobandt d.	0.3011	0.0329	2	62	5328	406
7456	tino p.	-0.2468	0.6449	1	55	1472	137
7543	triesch j.	0.5023	-0.6853	2	53	1218	64
7697	van campenhout j.	0.7219	-0.0769	2	62	2754	198
7765	vapnik v.	-0.1353	-0.04	3	54	702	60
7791	venayagamoorthy g.k.	-1.1452	0.0689	1	37	261	37
7800	ventura d.	1.037	-0.7185	2	40	425	41
7815	verstraeten d.	0.2373	0.3586	3	50	265	31
7953	wang j.	-1.1217	0.2061	1	42	321	51
7981	wang w.	-1.1709	0.3662	1	31	170	30
8092	werbos p.j.	-0.5317	-0.3972	3	58	947	74
8172	williams r.j.	0.1584	-0.241	3	57	599	41
8470	young p.	-0.4337	0.0244	1	57	571	42
8581	zhang y.	-0.7678	0.2431	1	52	505	52
8662	zipser d.	-0.4135	-0.2971	3	51	532	35
