id	label	x	y	cluster	weight<Links>	weight<Total link strength>	weight<Citations>
80	abbott l.f.	0.5668	0.1628	2	72	518	38
361	asada m.	0.1169	-0.0613	5	61	362	29
611	bengio y.	-0.1493	0.5619	3	68	331	27
679	bienstman p.	1.2158	-0.9502	4	47	683	57
713	bishop c.m.	-0.1177	-0.3735	3	73	504	48
994	campenhout j.v.	0.7243	0.2486	2	81	886	61
1391	cottrell g.w.	-0.8582	-0.0049	1	64	364	37
1628	demiris y.	-0.6827	0.128	3	58	390	35
1736	dominey p.f.	0.216	0.4731	8	70	767	47
1777	doya k.	0.0059	0.5093	3	65	389	23
1925	elman j.l.	-0.5416	0.47	3	57	255	35
2074	feng z.	-0.8535	-0.3104	1	50	266	29
2110	fischer i.	1.2651	-0.7468	4	57	1469	125
2185	frasconi p.	-0.1671	-0.0067	3	78	531	34
2265	fyfe c.	-1.0235	0.7926	7	24	186	28
2370	gerstner w.	0.6559	0.6636	2	69	564	45
2412	gimzewski j.k.	1.1933	-0.59	4	40	239	20
2428	glass l.	-0.0217	-0.3662	1	72	341	30
2482	gomez f.	-0.7099	-0.0208	7	74	570	34
2653	haas h.	0.0342	-0.3607	1	95	3416	378
2705	han m.	-0.5768	-0.5536	1	81	993	101
2753	harris j.g.	-0.3977	-0.3868	1	88	1026	88
2773	hass h.	-0.4091	-0.329	5	57	269	28
2791	hauser h.	-0.6959	-0.7653	1	57	309	21
2810	haykin s.	-0.5141	0.1084	5	88	1605	178
2938	hinton g.	0.0645	-0.3887	3	48	309	32
3017	hopfield j.j.	0.4858	0.4851	2	66	407	21
3028	hosseiny r.	-0.6275	0.4608	6	42	193	20
3284	izhikevich e.m.	0.544	0.902	2	44	204	27
3305	jaeger h.	-0.0511	-0.0946	1	97	11549	1476
3515	kaminski w.a.	0.9579	1.5588	2	14	75	22
3545	kasabov n.	1.0959	1.0487	2	34	288	36
3580	kawato m.	-0.3149	0.816	3	35	176	26
3744	kohonen t.	-0.412	0.6904	7	45	258	25
3959	larger l.	0.9005	-1.256	4	43	418	39
4064	legenstein r.	0.5744	-0.3877	4	79	701	50
4371	lukosevicius m.	-0.4789	0.0266	7	83	750	62
4393	lyon r.	0.9543	-0.7622	4	48	293	22
4410	maass w.	0.5952	0.1265	2	94	4230	306
4556	markram h.	0.4321	0.3227	2	96	5106	529
4580	martens j.-p.	0.2536	-0.7492	3	55	396	38
4608	massar s.	1.1152	-0.8744	4	67	1368	112
4808	micheli a.	-0.9474	-0.4031	1	52	375	62
4812	miikkulainen r.	-0.0695	0.6785	8	45	325	35
5092	nakamura y.	0.2409	0.4425	5	66	305	20
5110	natschlager t.	0.3952	-0.063	9	79	655	45
5270	nuttin m.	-0.2336	0.2266	6	67	493	47
5308	oja e.	0.3772	0.2526	5	53	243	22
5432	palm g.	-0.1579	0.6817	5	46	472	78
5494	parlos a.g.	0.1817	-0.0399	10	85	770	51
5638	pfeifer r.	1.4162	0.3376	10	33	340	44
5722	ploger p.	-0.5395	0.1596	8	79	519	37
5724	ploger p.g.	-0.7094	0.2374	6	54	386	30
5767	popovici d.	0.0775	-0.3523	6	56	285	37
5780	pospichal j.	0.0249	0.7961	2	59	353	28
5824	principe j.c.	-0.3448	0.0101	1	91	1555	112
5927	prokhorov d.	-0.8491	0.1816	5	66	506	56
6289	rubino g.	-0.9456	0.6168	7	30	305	26
6487	schaal s.	-0.3617	0.6658	3	39	200	26
6530	schmidhuber j.	0.0718	0.1245	3	85	1242	85
6543	schoenauer m.	-0.4163	0.488	8	62	461	23
6556	schrauwen b.	0.3488	-0.1988	4	96	2557	190
6631	sejnowski t.j.	0.2319	0.2713	2	76	598	41
6771	shishir b.	-0.8755	0.0321	1	56	238	25
6785	showkati h.	-1.2337	-0.432	1	39	176	24
6812	siew c.-k.	0.2855	-0.489	5	63	280	29
6816	siewert u.	-0.275	-0.1204	7	93	1592	121
6969	sojakka s.	0.8269	-0.1498	4	72	606	37
6993	sompolinsky h.	0.5903	-0.4268	9	71	846	64
7006	song y.	-1.1313	-0.4787	1	43	205	28
7013	sontag e.d.	0.3081	-0.2338	9	82	733	38
7104	steil j.j.	-0.0102	0.0666	6	94	3169	193
7165	strogatz s.h.	0.2523	0.2369	2	67	312	24
7167	stroobandt d.	0.2452	0.025	6	97	5287	406
7307	takens f.	-0.5387	0.0093	1	65	248	20
7331	tanaka s.	0.771	0.33	2	69	423	27
7415	teuscher c.	0.8929	-0.8072	4	45	300	29
7510	tino p.	-0.2088	-0.3683	7	85	1554	137
7597	triesch j.	0.4175	0.5421	2	79	1274	64
7632	tsodyks m.	0.6571	0.6024	2	54	275	23
7753	van campenhout j.	0.4593	-0.0933	6	86	1602	121
7811	vandewalle j.	-0.1154	-0.6366	1	58	316	28
7821	vapnik v.	-0.2446	-0.0656	3	67	388	32
7822	vapnik v.n.	-0.0292	-0.6846	1	55	288	28
7849	venayagamoorthy g.k.	-0.8626	-0.4039	1	42	199	31
7858	ventura d.	0.752	0.8951	2	54	441	41
7873	verstraeten d.	0.2343	-0.5324	4	61	247	31
7928	von zuben f.j.	0.0818	-0.4162	5	45	285	26
8012	wang j.	-1.0277	-0.4834	1	55	327	51
8040	wang w.	-0.7551	-0.6686	1	42	161	30
8051	wang y.	-0.2926	-0.6434	1	59	280	26
8152	werbos p.j.	-0.3435	0.2186	3	85	767	58
8232	williams r.	0.3348	-0.0465	3	60	289	21
8233	williams r.j.	0.2882	-0.0332	3	71	315	20
8462	yao x.	-0.2451	0.4301	8	57	245	25
8531	young p.	-0.3197	-0.2868	1	81	571	42
8642	zhang y.	-0.7176	-0.2893	1	72	517	52
8723	zipser d.	-0.3264	0.0708	3	77	527	35
