id	label	x	y	cluster	weight<Links>	weight<Total link strength>	weight<Citations>
759	abarbanel h.d.i.	-1.0849	0.2575	5	469	4592	147
797	abbott d.	0.2783	0.2672	6	343	1251	30
801	abbott l.f.	-0.388	0.3016	3	630	10174	335
965	abraham a.	-0.3182	-0.925	1	219	857	36
1114	adamatzky a.	0.1991	0.5116	6	340	2133	74
1135	adams m.j.	-0.3246	0.8351	4	221	1856	73
1141	adams r.p.	-0.8021	-0.3341	5	264	942	32
1190	adeli h.	0.1371	-0.5394	1	327	1204	51
1570	aihara k.	-0.6044	0.347	3	505	4115	149
1622	akai-kasaya m.	0.812	0.5417	2	467	3442	94
1652	akerman j.	0.9642	1.0637	6	147	1027	62
2075	alimi a.m.	-0.3349	-0.7366	1	493	4302	194
2077	alippi c.	-0.8317	-0.4812	1	411	2984	114
2160	allwood d.a.	0.804	0.7331	6	236	839	40
2363	amann a.	-1.3001	0.6157	5	234	1689	61
2874	ang k.-w.	1.3471	-0.2375	2	374	3459	87
2988	antonik p.	0.3452	0.557	4	378	1555	30
3038	aono m.	1.3604	0.333	2	427	7552	174
3064	appeltant l.	-0.0421	0.6366	4	602	7182	325
3226	argyris a.	-0.2606	0.9439	4	338	2600	95
3421	asada m.	-0.6428	0.017	3	606	6869	239
3435	asai t.	0.6773	0.4981	2	420	2188	53
3617	atiya a.f.	0.0953	-0.1623	1	236	737	30
3899	ba j.	-0.2394	-0.0344	3	448	1738	95
4053	bagnall a.	-0.1862	-0.7222	1	158	881	41
4115	bai y.	-0.0693	-0.3371	1	293	719	40
4126	baik s.w.	0.0391	-0.7915	1	204	1070	69
4215	balachandran b.	-0.7552	0.9806	6	140	920	30
4500	barak o.	-1.0011	0.2551	3	314	2075	70
4555	barbosa w.a.s.	-0.2508	0.1353	5	721	7890	294
4729	barto a.g.	-0.5013	-0.1797	1	246	657	36
4808	bassett d.s.	-1.0825	0.4573	5	431	4357	137
4836	basu a.	0.5074	0.1715	3	360	1777	58
5307	bengio y.	-0.501	-0.344	1	724	12661	531
5402	benyettou a.	-0.1578	-0.4798	1	189	488	33
5688	bhaskaran h.	0.7322	0.3631	4	356	1391	31
5834	bienstman p.	-0.0447	0.7647	4	705	20935	738
5892	billings s.a.	-1.0133	-0.2633	5	232	841	34
5974	birkholz p.	-0.3796	-0.4415	1	201	626	45
5995	bishop c.m.	-0.5897	-0.0212	5	435	1892	83
6193	boahen k.	0.2576	0.3897	3	358	1318	44
6213	boccaletti s.	-0.7791	0.0769	5	178	1213	32
6351	bollt e.	-0.8479	0.159	5	548	7364	235
6528	borondo f.	-0.789	0.5696	6	185	898	41
6930	breiman l.	-0.4422	-0.5629	1	285	915	44
7157	brown s.a.	1.1185	0.5304	2	330	4615	145
7208	brunel n.	-0.39	0.3616	3	196	848	31
7221	brunner d.	-0.3348	0.9484	4	530	6735	282
7236	brunton s.l.	-1.1487	-0.1566	5	203	1146	46
7336	bueno j.	-0.0899	0.9548	4	171	656	34
7385	bullmore e.	-0.5385	0.2809	3	309	1928	60
7426	bunsen m.	-0.3829	1.1304	4	211	1298	45
7432	buonomano d.v.	-0.6719	0.4777	3	320	2162	61
7597	butz m.v.	-0.6399	-0.7643	1	237	751	38
7607	buzsaki g.	-0.2551	0.0874	3	303	1245	30
7895	camponogara e.	-0.3772	-0.5997	1	249	712	45
7981	cao h.	0.2662	0.3003	4	187	1893	42
7985	cao j.	0.0167	-0.3591	1	387	1437	62
8002	cao s.	-0.1036	-0.8172	1	230	539	31
8018	cao y.	0.1047	-0.1705	1	313	775	43
8239	carroll t.l.	-1.093	0.4887	5	568	9081	295
8293	casdagli m.	-1.0926	-0.0812	5	275	1440	56
8582	chai y.	1.1105	-0.2066	2	529	8017	229
9094	chembo y.k.	-0.1946	0.8165	4	362	5552	85
9107	chen b.	-0.0356	-0.3499	1	348	995	48
9117	chen c.	0.2571	-0.5813	1	391	1144	57
9131	chen c.l.p.	-0.0732	-0.7638	1	261	780	43
9154	chen g.	-0.2627	-0.0567	1	533	2078	77
9162	chen h.	0.3391	-0.2928	1	571	3708	174
9183	chen j.	0.5444	-0.2239	2	645	4710	164
9203	chen l.	0.1488	-0.1868	2	636	4707	175
9219	chen m.	0.0514	-0.5672	1	246	571	31
9244	chen q.	0.441	-0.3072	1	328	856	34
9260	chen s.	0.1122	-0.0517	1	485	2029	74
9277	chen t.	0.2139	-0.1782	1	374	908	47
9289	chen w.	0.5437	-0.5866	1	471	2162	87
9309	chen x.	0.6429	-0.2051	2	644	7572	205
9326	chen y.	0.3582	-0.1039	2	723	6585	216
9357	chen z.	0.2176	-0.0325	1	567	2535	84
9475	cherry e.m.	-0.5087	0.0379	5	401	1707	59
9538	chialvo d.r.	-0.232	0.6172	3	262	1515	40
9715	choe y.	0.157	0.1461	3	409	1894	73
9721	choi c.	1.5786	-0.2162	2	337	3602	60
9759	choi s.	0.9912	-0.2427	2	426	2239	63
9985	chua l.	0.5084	0.2482	2	644	10023	284
10117	cierpka c.	-1.05	-0.3313	5	114	498	30
10287	clopath c.	-0.3638	0.2052	3	364	1481	42
10714	conti c.	-0.1729	0.7439	4	337	2124	69
10759	cook m.	0.144	0.1624	3	288	1114	48
10936	cottrell g.w.	-0.4795	-0.6445	1	539	4279	190
10962	courville a.	-0.3089	-0.1123	5	597	3650	148
10972	couturier r.	-0.3992	0.2763	3	362	1215	52
11143	cros v.	0.4886	0.8333	6	242	1026	31
11182	crutchfield j.p.	-0.5808	0.5184	3	246	1161	38
11299	cummins f.	-0.4461	-0.3188	1	306	912	30
11367	cybenko g.	-0.9542	-0.0647	5	257	1054	40
11446	da ros f.	-0.0807	0.6492	4	158	529	33
11550	dai q.	0.124	0.3537	4	302	1111	36
11608	dambre j.	-0.4069	0.6505	4	532	5289	183
11628	dan y.	0.4947	-0.008	3	366	1245	31
11641	danckaert j.	-0.1001	0.853	4	214	1143	45
11773	das s.	0.433	-0.2158	2	429	1678	64
11836	datta s.	1.0763	0.4386	2	378	3444	104
11900	davies m.	0.2739	0.0805	3	249	624	35
11938	dawes j.	-1.0074	-0.1538	5	367	2094	73
12292	debbah m.	-0.1313	-0.812	1	256	1766	126
12591	demiris y.	-0.4071	-0.7096	1	419	2231	109
12652	deng l.	0.071	0.0324	3	282	674	33
13044	di ventra m.	0.975	0.392	2	297	1562	48
13132	diesmann m.	-0.1815	0.374	3	230	718	31
13219	ding j.	-0.0659	-0.1494	3	288	774	30
13382	djerdir a.	0.2808	-1.058	1	86	573	40
13515	dominey p.f.	-0.4748	0.1903	3	518	5280	173
13564	dong j.	-0.0846	-0.1735	1	360	935	42
13670	dos santos coelho l.	-0.4442	-0.7876	1	282	958	44
13745	doya k.	-0.6758	0.0124	3	399	2080	66
13855	du c.	0.333	0.2983	2	449	2245	86
13905	duan c.	1.2099	-0.0607	2	337	1832	52
13978	duchesnay e.	-0.5145	-0.0056	3	197	500	34
14265	eberhart r.	-0.3873	-0.4661	1	370	1130	58
14712	eleftheriou e.	0.8972	0.1042	2	482	3356	100
14741	eliasmith c.	0.0198	-0.0111	3	235	746	35
14790	elman j.l.	-0.4574	-0.3175	1	380	1721	82
15001	englund d.	0.1889	0.7981	4	260	1178	37
15126	erneux t.	-0.3612	1.1211	4	291	3269	76
15136	erokhin v.	1.5578	0.1749	2	252	3078	45
15367	everschor-sitte k.	0.6255	0.7611	6	448	4721	141
15634	fan s.	0.1098	0.306	4	402	1710	54
15762	faris h.	-0.4986	-0.8607	1	213	606	32
16069	feng z.	-0.3876	-0.7723	1	336	1140	53
16411	fischer i.	-0.1649	0.8118	4	775	56138	2123
16747	foss b.	-0.4502	-0.9327	1	220	786	50
16949	frasconi p.	-0.5006	-0.2378	3	518	2638	112
17127	friston k.	-0.5506	0.2157	3	298	1892	62
17311	fukushima a.	0.2692	0.6345	6	308	1035	40
17374	furber s.	0.4643	0.2812	3	350	986	37
17406	fusi s.	0.1035	0.2417	3	264	958	38
17572	gallicchio c.	-0.5335	-0.0724	3	462	2699	119
17595	galtier m.n.	-1.0952	-0.1128	3	285	1193	30
17689	ganguly u.	0.7323	0.2151	3	161	733	55
17705	gao b.	0.6953	0.0305	2	394	1734	47
17712	gao f.	0.1691	-0.9501	1	281	1733	110
17718	gao h.	-0.1004	-0.6322	1	392	1300	57
17723	gao j.	0.0137	-0.1747	1	405	1280	43
17739	gao s.	-0.0314	-0.2594	5	313	1049	33
17748	gao x.	0.1768	-0.0105	1	395	1425	57
17766	gao z.	-0.101	-0.2728	1	292	599	34
18001	gauthier d.j.	-0.9525	0.4351	5	646	11619	402
18227	georgieva p.	-0.4064	-0.9324	1	196	874	54
18261	gergel p.	-1.154	-0.3384	5	259	1154	39
18290	gershenfeld n.a.	-0.6116	0.7539	4	359	2354	94
18302	gerstner w.	-0.316	0.2226	3	344	2285	79
18459	ghosh d.	-1.5472	0.0972	5	181	1133	47
18560	gigan s.	-0.1288	0.6329	4	519	5561	166
18643	gimzewski j.k.	0.8752	0.6462	2	514	8845	257
18700	girvan m.	-1.0848	0.2087	5	393	2065	77
18752	glass l.	-0.2885	0.0167	5	654	5849	236
19011	gomez f.	-0.6643	-0.4166	1	292	1046	39
19277	goulas a.	-0.2447	0.2996	3	334	1030	36
19438	graves a.	-0.1049	-0.4168	1	297	762	40
19471	grebogi c.	-1.1869	-0.039	5	254	2144	72
19629	grollier j.	0.5796	0.6792	6	651	13073	376
19884	gui w.	-0.1761	-0.8367	1	201	625	35
19990	guo f.	0.2413	-0.1055	1	244	694	35
20003	guo l.	-0.0131	-0.4883	1	220	445	30
20035	guo x.	1.0146	0.0004	2	471	3289	100
20045	guo y.	-0.0352	-0.401	1	307	759	33
20153	gutierrez j.m.	-0.6518	0.8631	4	264	1378	43
20242	haas h.	-0.4366	0.0477	5	802	35241	1701
20319	haelterman m.	-0.2348	0.897	4	235	1509	33
20336	haffner p.	0.1936	0.065	3	509	2237	92
20409	haider m.r.	0.4382	0.0136	2	165	464	30
20653	han h.	-0.0724	-0.7721	1	214	506	31
20659	han j.	0.3189	-0.3413	1	315	829	40
20673	han m.	-0.4414	-0.6893	1	563	5547	304
20685	han s.	0.8962	-0.1008	2	334	1212	44
20688	han s.-t.	1.4771	-0.1586	2	476	12652	199
20701	han y.	0.6383	-0.2044	2	364	1138	38
20706	han z.	-0.134	-0.3901	1	265	1059	65
20797	hanzo l.	0.051	-0.4164	1	163	517	35
20803	hao j.	1.1922	-0.3573	2	313	1822	34
20809	hao k.	-0.4128	-0.566	1	375	1859	68
20827	hao y.	0.2589	0.6903	4	500	6662	214
20968	harris j.g.	-0.5344	-0.6052	1	462	3419	155
21091	hasegawa t.	1.135	0.5145	2	218	1346	51
21117	hashimoto t.	0.0547	0.6694	4	522	3313	110
21130	hassabis d.	0.4695	0.5872	4	297	1172	33
21223	hauser h.	-0.421	-0.0389	6	476	2720	106
21277	haycock p.w.	-0.4803	-0.3831	1	465	2580	113
21295	haykin s.	-0.5898	-0.3278	1	579	4899	231
21333	he d.	0.9631	-0.4819	2	268	1009	38
21339	he h.	0.1991	-0.4817	1	248	699	31
21342	he j.	0.5588	-0.3666	2	383	1602	55
21380	he y.	-0.0127	-0.3949	1	335	698	32
21387	he z.	-0.0036	0.0915	4	296	824	33
21420	hebb d.o.	0.1567	-0.0058	3	380	1265	34
21480	heidari h.	0.6333	0.2566	2	192	637	33
21485	heidemann g.	-0.6324	-0.5297	1	245	671	30
21644	henon m.	-0.3733	-0.1203	1	344	964	36
21657	hens c.	-1.6985	0.1898	5	145	1063	38
21738	heroux j.b.	-0.0103	0.1988	4	298	719	36
21767	hersam m.c.	1.349	-0.1162	2	362	3628	54
21972	hillebrands b.	0.7579	1.0544	6	168	747	33
21988	hinaut x.	-0.3723	-0.0913	3	417	2013	94
22012	hinton g.	-0.0175	0.0201	3	771	13706	551
22052	hirose a.	0.2162	0.4266	6	777	25920	1033
22081	hissel d.	0.085	-0.9403	1	272	1907	103
22172	hochreiter s.	-0.2857	-0.2265	1	384	1215	54
22372	hong c.s.	-0.2391	-0.6017	1	248	709	34
22470	hopfield j.j.	-0.08	0.2167	3	553	3184	89
22501	horio y.	-0.2418	0.5044	3	165	796	49
22709	hramov a.e.	-0.9393	-0.2786	5	215	3625	145
22806	hu h.f.	-0.2929	-0.5736	1	389	1862	92
22809	hu j.	-0.2681	-0.409	1	347	1077	48
22842	hu w.	0.579	0.3211	4	484	3844	109
22850	hu x.	0.268	-0.4385	1	315	698	40
22866	hu z.	0.4499	-0.4977	1	311	849	34
22896	huang c.	-0.1549	0.0376	4	464	1527	61
22906	huang d.	-0.3247	-0.0401	1	320	934	33
22929	huang h.	0.705	-0.2883	2	381	1530	60
22946	huang j.	0.7426	-0.2607	2	513	3711	128
22976	huang r.	1.3576	0.0203	2	480	6749	145
22992	huang w.	0.9799	-0.1482	2	520	5003	112
22999	huang x.	0.0036	-0.6463	1	358	1356	52
23016	huang y.	0.0981	-0.0404	1	449	1558	67
23032	huang z.	-0.2994	-0.3234	1	280	794	39
23207	hunt b.r.	-0.7531	0.0218	5	247	769	33
23256	hurtado a.	-0.0319	1.0631	4	296	1771	67
23341	huxley a.f.	0.2478	0.2572	3	311	1024	35
23366	hwang c.s.	1.497	-0.1061	2	427	8705	222
23376	hwang h.	1.597	-0.1372	2	381	7943	158
23685	ielmini d.	1.3476	-0.1018	2	475	5846	131
23731	iida f.	-0.8225	0.7607	6	180	821	33
23959	indiveri g.	0.4271	0.1668	3	493	2881	131
24444	izhikevich e.m.	0.0081	0.2183	3	443	2241	100
24562	jacquot m.	-0.4919	0.7779	4	578	6748	221
24580	jaeger h.	-0.3217	-0.0475	1	806	109191	5891
24767	jang h.w.	1.2907	-0.2189	2	314	1852	43
24868	jaurigue l.	-0.8321	0.724	4	293	1477	45
25022	jenssen r.	-0.508	-0.4493	1	620	5155	230
25034	jeon s.	1.6553	-0.2639	2	207	2603	92
25138	ji y.	-0.2802	0.178	4	177	663	40
25205	jiang h.	0.319	-0.4823	1	354	1146	50
25210	jiang j.	0.4783	-0.1217	1	430	1710	53
25240	jiang w.	0.2375	0.0228	1	366	1130	50
25247	jiang y.	0.2077	-0.0878	1	354	1040	39
25333	jin j.	-0.4875	-0.4409	1	328	942	38
25365	jin y.	-0.3288	-0.475	1	497	3072	123
25899	jungling t.	-1.3181	0.2805	5	328	2163	70
26130	kalinikos b.a.	0.498	1.1941	6	296	2030	70
26320	kang j.	1.1502	-0.284	2	282	1094	34
26414	kantz h.	-1.0247	0.2543	5	219	943	38
26589	karniadakis g.e.	-0.4453	-0.0765	5	371	1356	57
26636	kasabov n.	-0.0606	-0.0661	3	363	1842	98
26663	kasinski a.	0.2337	0.3792	3	251	832	31
26730	katori y.	-0.5389	0.294	3	323	1411	53
26750	katumba a.	-0.23	0.5801	4	216	926	40
26851	kawashima k.	-0.6616	0.519	6	100	685	42
26857	kawato m.	-0.7881	0.3556	3	152	1201	38
26863	kay b.	0.4492	0.3104	3	414	1512	44
27055	kennard r.w.	-0.5346	0.0536	5	411	1523	71
27083	kenyon a.j.	0.7458	0.2808	2	371	1210	34
27086	keogh e.	-0.3472	-0.8194	1	188	873	46
27439	kiebel s.j.	-0.694	-0.2306	5	657	7131	293
27506	kim d.	0.1356	-0.2966	1	333	751	35
27514	kim d.h.	1.4268	-0.4084	2	200	998	32
27535	kim h.	0.7136	-0.0744	2	399	1700	61
27560	kim j.	0.7583	-0.1149	2	501	3023	95
27580	kim k.	1.121	-0.0956	2	364	1582	38
27616	kim s.	1.3165	-0.2315	2	566	21252	754
27642	kim t.g.	1.4712	-0.3399	2	226	1292	34
27656	kim y.	0.5781	-0.3726	2	376	1345	59
27699	king b.r.	-0.3259	-0.7911	1	307	916	49
27739	kinoshita k.	0.7593	0.4231	2	392	2525	84
27848	kistler w.m.	0.047	0.0092	3	306	1038	48
27855	kitagawa m.	-0.2941	0.8466	6	416	3072	94
27921	klaui m.	0.6755	0.6729	6	255	1173	43
27931	kleemann h.	0.2833	0.3691	6	579	3644	107
28081	kobayashi k.	-0.4932	1.0011	4	298	2037	81
28335	konkoli z.	0.3121	0.2267	6	449	3500	80
28506	kostylev m.	0.2284	0.9042	6	277	1552	49
28562	koumoutsakos p.	-0.8047	0.0438	5	576	5866	227
28906	kubota h.	0.5519	1.0345	6	414	4188	126
28934	kudithipudi d.	0.2563	-0.014	3	577	5118	157
29012	kumar a.	0.2491	0.1159	3	299	802	30
29055	kumar s.	0.4388	0.1058	2	356	1042	46
29062	kumar v.	-0.41	-0.6717	1	261	774	38
29089	kuncic z.	1.1116	0.6683	2	393	4052	122
29109	kuniyoshi y.	-0.6569	0.5274	6	345	2754	70
29146	kuramoto y.	-1.292	0.5317	5	221	1004	41
29187	kurths j.	-0.9989	0.2258	5	491	6155	212
29238	kutz j.n.	-1.0388	-0.1089	5	338	2467	102
29376	labahn r.	-0.8908	-0.7513	1	272	1387	61
29497	lai y.-c.	-1.3301	0.0983	5	586	13428	496
29721	langton c.g.	-0.4719	0.4448	3	380	1711	58
29732	lanza m.	1.3687	-0.2515	2	353	2940	48
29775	larger l.	-0.1923	0.6197	4	663	17005	464
29901	laurent g.	-0.4162	0.4572	3	282	1211	36
30028	le q.v.	-0.1598	-0.041	3	382	1105	46
30131	lecun y.	-0.0488	-0.0584	3	341	968	38
30222	lee j.	0.1717	-0.1462	1	492	1834	86
30230	lee j.-s.	1.3758	-0.2738	2	412	4273	96
30236	lee j.h.	1.2619	-0.2462	2	183	927	30
30240	lee j.m.	-0.3139	-0.8382	1	339	1705	85
30292	lee s.	0.7751	-0.3648	2	457	2286	76
30327	lee t.-w.	1.3281	-0.1832	2	353	2470	63
30396	legenstein r.	-0.5799	0.0915	3	482	3223	106
30569	leo k.	0.9778	0.2325	2	378	1742	40
30676	leung h.	-0.6263	-0.6567	1	235	661	36
30786	lewis a.	-0.2675	-0.5864	1	306	918	56
30794	lewis f.l.	-0.2002	-0.7251	1	180	802	39
30822	li b.	0.1818	-0.2846	1	387	949	47
30829	li c.	-0.1399	-0.4122	1	623	4637	200
30840	li d.	0.3915	-0.5562	1	394	1207	51
30853	li f.	0.113	-0.5928	1	459	1763	66
30862	li g.	0.2887	-0.0099	1	410	1223	63
30871	li h.	0.2174	-0.3517	1	721	6555	266
30894	li j.	0.1992	-0.3181	1	630	3495	150
30914	li k.	-0.1725	-0.5017	1	350	886	41
30918	li l.	0.0914	-0.3712	1	589	2950	126
30931	li m.	0.0646	-0.0146	1	496	2977	88
30941	li n.	-0.3533	0.3844	4	453	2847	104
30948	li p.	0.0315	0.2989	3	603	6648	264
30958	li q.	0.478	-0.4022	1	430	1711	59
30967	li r.	0.0776	-0.3894	1	417	1355	56
30970	li r.-w.	1.4887	-0.2064	2	313	2334	42
30978	li s.	0.0687	-0.0707	1	687	5394	252
30997	li t.	0.0806	-0.3895	1	315	1098	50
31007	li w.	0.0716	-0.4496	1	686	6441	228
31024	li x.	0.2143	-0.0644	1	742	8264	317
31052	li y.	0.2105	-0.4736	1	718	8932	387
31085	li z.	0.2141	-0.2834	1	607	2955	122
31158	liang x.	0.5586	0.0261	2	400	1431	56
31271	liew t.c.h.	-0.4813	0.8151	6	458	5588	193
31397	lin c.	0.0107	-0.6352	1	239	592	32
31434	lin h.	-0.0945	-0.6878	1	399	1579	73
31443	lin j.	0.2094	-0.4927	1	266	687	38
31490	lin w.	-0.5838	-0.0177	5	360	1385	54
31494	lin x.	0.1164	0.0875	4	277	702	39
31499	lin y.	0.3158	-0.3381	1	292	719	35
31512	lin z.	0.0145	-0.2202	1	336	762	33
31521	linares-barranco b.	0.7005	0.1304	3	341	1543	44
31629	lipson h.	-0.9663	0.2647	6	218	943	45
31692	liu b.	-0.0441	-0.1827	1	335	812	50
31697	liu c.	0.1529	0.0487	1	559	2667	97
31710	liu d.	-0.1335	-0.3856	1	472	2773	105
31721	liu f.	0.3166	-0.0928	1	427	1338	42
31726	liu g.	1.0389	-0.3358	2	330	1404	33
31736	liu h.	-0.0188	-0.5563	1	575	4003	180
31752	liu j.	0.2778	-0.4393	1	639	4294	176
31758	liu j.-m.	0.6506	0.4279	4	468	5357	109
31773	liu k.	0.453	-0.1537	1	532	2825	102
31780	liu l.	0.1316	-0.3269	1	665	5354	257
31789	liu m.	0.9888	-0.3417	2	600	8123	212
31800	liu q.	0.7831	-0.2026	2	596	5231	138
31810	liu r.	0.1463	-0.1574	1	419	1186	53
31813	liu r.h.	1.056	0.6232	6	308	1469	36
31820	liu s.	0.0374	-0.4192	1	548	2647	111
31822	liu s.-c.	0.6637	0.1696	3	350	1238	52
31843	liu w.	0.6198	-0.3563	1	416	1449	48
31858	liu x.	0.2106	-0.3109	1	636	3478	161
31880	liu y.	0.4391	-0.3912	1	710	8920	359
31906	liu z.	0.4178	-0.3432	1	600	4467	171
31932	livi l.	-1.1442	-0.1336	5	345	1695	61
31978	lloyd s.	-0.6274	0.6497	6	268	1723	66
32120	lones m.a.	-0.3864	-0.7605	1	208	518	31
32138	long s.	1.2634	-0.1009	2	382	2705	71
32232	lorenz e.n.	-1.0016	0.0221	5	576	6954	287
32242	lorincz a.	-0.7476	-0.5531	1	186	683	31
32396	ltifi h.	-0.2421	-0.8263	1	172	711	47
32404	lu c.	0.0913	-0.3687	1	323	1108	47
32422	lu h.	0.2301	-0.6798	1	317	963	41
32431	lu j.	0.3453	-0.3906	2	415	1495	44
32466	lu w.d.	0.9926	0.1553	2	756	37192	1085
32473	lu x.	-0.2334	-0.4355	1	288	703	38
32489	lu z.	-0.5114	-0.1546	5	292	688	35
32555	ludermir t.b.	-0.5065	-0.5213	1	334	1789	67
32560	ludge k.	-0.5753	0.8763	4	551	10171	322
32623	lukosevicius m.	-0.5523	-0.2376	1	747	13169	661
32717	luo x.	0.0569	-0.8635	1	279	1156	35
32722	luo y.	0.0007	-0.7759	1	239	780	46
32837	lyon r.	0.3573	0.4153	3	381	1863	76
32844	lyra c.	-0.5064	-0.6752	1	102	492	43
32895	ma h.	-0.3528	-0.4154	1	360	1217	50
32901	ma j.	0.0508	-0.3446	1	291	711	37
32917	ma q.	-0.1636	-0.5668	1	316	981	45
32942	ma x.	0.2254	-0.5674	1	274	537	33
32972	maass w.	-0.2611	0.3431	3	748	22576	797
33131	mader p.	-0.6939	-0.3955	5	253	880	35
33230	magri l.	-1.061	-0.0073	5	434	5581	274
33444	maksymov i.s.	-0.0896	0.5193	6	163	1549	42
33471	maleki l.	-0.0112	0.7803	4	193	3993	43
33522	malliaras g.g.	1.3389	0.0288	2	246	1432	33
33621	mandic d.p.	-0.5287	-0.4893	1	319	1519	63
33724	manoonpong p.	-0.6224	0.3996	6	274	1308	68
33988	mark r.g.	0.4342	-0.0854	2	354	1152	44
34017	markovic d.	0.0007	0.7539	6	420	1960	57
34021	markram h.	-0.2795	0.312	3	803	38538	1659
34142	martens j.-p.	-0.2633	-0.0339	3	616	6330	236
34349	masoller c.	-0.9406	0.3242	5	247	960	45
34376	massar s.	-0.2068	0.8886	4	759	44733	1626
34451	mathews n.	1.4934	-0.1501	2	304	2159	40
34514	matsumoto t.	0.4815	0.217	2	434	2472	84
34947	mcmahon p.l.	0.0637	0.6881	4	275	986	36
35000	mead c.	0.6978	0.3479	3	398	1719	64
35247	memmesheimer r.-m.	-1.4868	0.4762	5	177	893	30
35460	mesaritakis c.	-0.2828	0.7689	4	209	648	33
35566	mezic i.	-0.8556	-0.3586	5	200	729	31
35603	miao f.	1.4931	-0.1352	2	304	1794	37
35615	miao x.	1.4995	-0.0841	2	320	2497	44
35653	micheli a.	-0.4876	-0.4638	1	728	15534	722
35701	midya r.	0.5629	0.1882	2	276	775	30
35749	mikolajick t.	1.6352	-0.0611	2	287	2905	68
35764	milano g.	0.6994	0.3979	2	306	1509	59
36024	mirasso c.r.	-0.4254	0.7791	4	488	4894	192
36091	misic b.	-0.2646	0.4753	3	347	1782	50
36180	miwa s.	0.3247	0.9317	6	378	2189	68
36330	modha d.s.	0.7262	0.3105	2	371	1753	47
36707	moon j.	0.4363	0.1854	2	450	2197	92
36901	morie t.	-0.3181	0.717	3	157	894	46
37309	muller k.-r.	-0.698	-0.3783	5	200	1265	32
37447	munoz m.a.	-0.4088	0.642	3	224	1650	42
37760	nagasawa t.	0.6328	1.2003	6	220	1037	33
37799	nahavandi s.	-0.446	-0.6468	1	188	456	49
37861	nakajima k.	-0.0783	0.7126	6	714	23375	860
37875	nakamura m.	0.208	1.0766	4	59	321	45
37879	nakamura y.	-0.4604	-0.3841	1	421	1670	71
37883	nakane r.	0.676	0.268	2	309	1118	39
37886	nakano d.	-0.3801	0.7672	3	276	1438	40
37907	nakayama t.	1.2738	0.4458	2	290	2633	56
38118	natschlager t.	-0.2119	0.6092	3	603	6013	191
38302	nekorkin v.i.	-0.8629	0.4395	3	170	892	39
39287	nuttin m.	-0.5213	-0.6008	1	383	1577	75
39476	ogawa t.	1.1898	0.4752	2	289	1498	41
39548	ohki t.a.	-0.3232	0.8484	6	371	2512	67
39557	ohno h.	0.912	0.7505	6	291	2021	57
39570	ohtsubo j.	-0.2163	0.9456	4	208	1250	32
40038	ortega j.-p.	-0.8423	0.1507	5	704	16169	615
40050	ortin s.	-0.1081	0.6361	4	281	1340	55
40100	osipov e.	-0.2636	-0.0659	3	255	826	41
40132	ostojic s.	-0.7347	0.4443	3	274	1640	36
40166	ott e.	-1.0767	0.2151	5	737	33672	1379
40229	outbib r.	-0.0955	-0.7569	1	267	842	42
40328	ozcan a.	0.1224	0.9872	4	206	1205	37
40395	pachnicke s.	-0.1237	0.6941	4	178	749	49
40563	palm g.	-0.3871	-0.9353	1	156	532	33
40650	pan s.	0.4472	0.5135	4	261	2396	31
40664	pan y.	-0.4046	-0.1953	1	295	1080	39
40701	panda p.	0.6607	0.1008	3	449	2091	72
40733	panella m.	-0.5063	-0.7389	1	264	935	52
40864	paquot y.	0.0336	0.8304	4	437	3437	145
40914	parhi k.k.	-0.0897	0.2239	3	277	1079	38
40943	park b.-g.	1.7095	-0.0333	2	251	2088	65
40979	park j.-h.	1.0802	-0.3029	2	361	2114	64
41053	parlitz u.	-1.2408	0.0068	5	538	7180	236
41058	parlos a.g.	-0.1114	0.3258	3	564	3795	140
41230	pathak j.	-0.8114	0.2503	5	220	704	32
41371	pavesi l.	0.016	0.6032	4	334	2907	126
41452	pecora l.m.	-1.225	0.3742	5	383	2635	88
41476	pedrelli l.	-0.3366	-0.2956	1	758	14425	613
41490	pedrycz w.	-0.0828	-0.8538	1	145	421	36
41599	peng h.	0.3749	-0.4113	1	429	1649	47
41627	peng x.	-0.1223	-0.7882	1	224	545	32
41758	perez-jimenez m.j.	-0.1468	-1.0671	1	134	2463	57
41806	perkins e.	-0.4258	0.8618	6	251	2990	127
41830	pernice w.h.p.	0.5284	0.5018	4	298	1077	31
41896	pesquera l.	-0.2933	0.7787	4	583	6788	190
42044	pfeifer r.	-0.1109	0.7536	6	625	13251	449
42047	pfeiffer m.	0.407	-0.1641	3	218	693	30
42439	pipa g.	-0.5458	0.8919	4	256	1282	45
42476	pisarchik a.n.	-0.9414	-0.3153	5	159	2239	48
42524	plank j.s.	0.5617	0.1432	3	166	456	30
42567	plenz d.	-0.2988	0.5742	3	266	2459	92
42585	ploger p.	-0.6905	-0.5346	1	294	1088	50
42711	poll s.	-0.1652	-0.8385	1	233	669	32
42732	polosukhin i.	-0.2028	-0.0826	5	318	938	42
42764	pompe b.	-0.7841	0.3888	5	236	741	32
42810	poor h.v.	-0.1963	-0.5199	1	318	1048	49
42844	popovici d.	-0.5472	-0.5583	1	198	442	32
42863	porod w.	0.5526	0.781	6	235	974	33
42906	pospichal j.	-0.3534	-0.3487	1	337	1196	37
42943	potter s.m.	-0.5235	0.3841	3	251	1058	32
43278	preskill j.	-0.9562	0.8884	6	202	1296	48
43350	principe j.c.	-0.4663	-0.438	1	623	6445	273
43523	procaccia i.	-0.6649	-0.0023	5	243	819	37
43664	prodromakis t.	0.8949	0.405	2	414	1889	38
43714	protopapas p.	-0.8167	-0.4619	1	195	600	32
43728	prucnal p.r.	0.3071	0.7945	4	449	4114	135
43752	psaltis d.	0.1699	0.7403	4	245	1641	47
43887	pyragas k.	-1.1396	0.2262	5	322	1934	70
43948	qian h.	1.1866	-0.0476	2	446	3677	94
43983	qiao j.	-0.1181	-0.8646	1	294	1142	81
43986	qiao j.f.	-0.3016	-0.9436	1	169	510	40
44009	qin j.	-0.2279	0.1247	4	292	890	36
44054	qiu k.	-0.3384	0.5302	4	228	1088	47
44062	qiu t.	-0.2025	-0.8417	1	226	601	35
44150	querlioz d.	0.5605	0.7216	6	361	1444	42
44868	rath c.	-1.1398	0.1366	5	412	4042	149
45063	recht b.	-0.9973	-0.4128	5	197	742	33
45175	regehr w.g.	1.1206	-0.0175	2	372	2200	69
45291	reitzenstein s.	-0.1236	1.0058	4	198	833	35
45363	ren x.	0.15	-0.6377	1	232	704	42
45633	ricciardi c.	1.2301	0.4212	2	503	7652	229
46291	rontani d.	-0.3084	0.903	4	426	4254	146
46349	rose g.s.	0.8284	0.0332	3	332	1797	83
46391	rosenblatt f.	0.2064	0.0857	3	320	1165	40
46451	rossello j.l.	-0.0071	0.3316	3	485	4095	131
46475	rossler o.e.	-0.9614	0.0413	5	374	1933	71
46617	roy k.	0.4524	0.2104	3	507	4020	171
46622	roy r.	-0.453	0.8154	4	456	7601	146
46698	rubino g.	-0.8999	-0.8806	1	200	1248	59
46751	ruelle d.	-1.2262	-0.0244	5	226	1000	39
47064	sadeghian a.	-0.587	-0.7205	1	330	1643	80
47134	sagawa t.	-0.8385	0.5524	6	262	1132	39
47223	saiki y.	-1.4854	-0.0213	5	227	1269	50
47249	sait s.m.	-0.2566	-0.0471	1	261	717	30
47316	salakhutdinov r.	-0.322	-0.3723	1	432	1647	79
47345	salcedo-sanz s.	-0.1782	-0.3845	1	228	734	32
47407	salleo a.	1.2687	-0.0289	2	293	1511	51
47757	sanyal a.	0.3281	0.0417	3	313	1002	43
47775	sapsis t.p.	-1.2495	-0.1477	5	167	880	39
47845	sarles s.a.	1.1116	0.4416	2	194	1157	34
48101	scattolini r.	-0.4552	-0.7924	1	184	720	55
48318	schmidhuber j.	-0.3913	-0.2581	1	766	14833	637
48432	scholkopf b.	-0.648	-0.2816	5	295	1209	41
48435	scholl e.	-0.6821	0.8263	4	290	2917	61
48484	schrauwen b.	-0.4541	0.069	3	770	19735	743
48496	schreiber t.	-1.09	0.0769	5	368	2131	90
48583	schumacher j.	-1.2217	0.0779	5	220	2118	105
48593	schuman c.d.	0.2413	0.2002	3	299	892	42
48679	schwenker f.	-0.3568	-1.0426	1	222	681	30
48695	sciamanna m.	-0.439	1.1044	4	354	5216	198
48884	sejnowski t.j.	-0.3933	-0.0068	3	493	2630	82
49307	shafin r.	-0.1796	-0.6702	1	108	448	30
49500	shao j.	0.415	-0.5215	1	337	1040	42
49621	shastri b.j.	-0.2456	0.7242	4	313	1525	45
49729	shen g.	1.2776	-0.248	2	303	1505	30
49762	shen y.	0.1341	0.6082	4	292	1090	40
49836	sherstinsky a.	0.0556	-0.2626	5	303	848	37
49873	shi j.	0.1525	-0.292	1	270	646	32
49882	shi l.	0.7835	-0.0617	3	382	1820	51
49903	shi y.	0.3305	-0.2557	1	524	1995	71
50049	shirakashi j.	0.6945	0.6767	6	49	656	30
50140	shore k.a.	-0.4108	0.9961	4	263	2371	60
50198	showkati h.	-0.5676	-0.6495	1	281	1087	55
50212	shrimali m.d.	-1.4071	0.3858	5	193	1323	55
50405	siew c.-k.	-0.4285	-0.2718	1	514	3122	169
50411	siewert u.	-0.5045	-0.4444	1	663	8808	436
50460	sillin h.o.	0.4693	0.5375	2	256	1008	33
50507	silver d.	-0.0578	0.2839	4	277	857	41
50523	silvestri l.	-0.5923	-0.7292	1	300	1535	59
50699	singh s.	-0.2499	-0.3301	1	302	700	31
50736	sinha s.	-0.0648	0.4055	5	352	1274	37
50929	slesazeck s.	1.8222	-0.1054	2	186	1075	34
50977	small m.	-1.062	0.0634	5	481	4709	171
51000	smerieri a.	-0.1445	0.4832	4	324	2325	95
51108	snasel v.	-0.7467	-0.5121	1	269	889	30
51246	sojakka s.	-0.0125	0.6963	6	568	4495	142
51289	soljacic m.	0.1126	0.7893	4	316	1502	49
51367	sompolinsky h.	-0.7208	0.2893	3	500	6220	208
51452	song y.	-0.3527	-0.2562	1	620	3740	160
51486	sontag e.d.	-0.6741	0.15	3	493	3572	115
51532	soriano m.c.	-0.1808	0.8119	4	719	16184	578
51550	sorokina m.	-0.2229	0.6307	4	197	701	35
51554	sorrentino f.	-1.222	0.4765	5	273	1403	39
51638	spagnolo b.	1.1176	0.4198	2	203	2037	42
51744	sperduti a.	-1.0213	-0.6322	3	242	1616	76
51810	sporns o.	-0.4758	0.2728	3	420	4280	122
51832	sprott j.c.	-0.8216	0.283	5	288	1160	44
52005	stanley h.e.	0.0575	0.1178	3	261	678	30
52113	stefanovic d.	-0.4438	0.2938	3	414	2353	87
52141	steil j.j.	-0.5362	-0.1878	3	617	5787	205
52233	stepney s.	0.1859	0.4287	6	501	3278	95
52274	stewart d.r.	1.1781	0.0936	2	369	1930	45
52306	stiles m.d.	1.0106	0.6905	6	364	2415	62
52529	strogatz s.h.	-0.6254	0.2768	5	566	4010	140
52541	stroobandt d.	-0.2232	0.1963	3	791	23321	862
52565	strukov d.b.	1.2062	0.1862	2	413	3285	71
52650	su h.	0.2165	-0.9587	1	285	1142	60
52682	su y.	0.1673	0.0193	4	218	725	31
52722	subramanian d.	-1.1442	-0.1906	5	295	1481	67
52768	suganthan p.n.	-0.2595	-0.8609	1	256	923	47
52779	sugihara g.	-1.1379	0.0314	5	172	756	35
52822	sujith r.i.	-1.3959	0.1004	5	62	526	31
52880	sun c.	0.1233	-0.4446	1	305	696	34
52897	sun j.	0.0706	-0.0108	2	737	6538	269
52914	sun l.	0.3414	-0.1633	1	453	1605	69
52921	sun m.	-0.0015	-0.7401	1	270	719	37
52945	sun w.	0.2988	-0.1324	1	348	898	30
52950	sun x.	-0.2442	-0.5668	1	274	662	34
52960	sun y.	0.2973	-0.3133	1	498	2103	91
52969	sun z.	0.2887	-0.5663	1	275	639	33
53119	sutskever i.	-0.4826	-0.3242	1	329	1193	49
53150	suzuki y.	0.373	0.8707	6	328	2322	63
53259	sylvestre j.	-0.0229	0.7367	6	578	6172	208
53302	syvridis d.	-0.0635	0.8904	4	421	4431	121
53310	szacilowski k.	0.553	0.094	2	342	6672	125
53373	tabata h.	0.0244	0.333	6	239	1132	43
53503	takagi s.	1.2634	0.2989	2	314	3195	174
53509	takahashi h.	-0.3085	0.4421	3	406	2365	79
53530	takano k.	-0.2295	0.9152	4	221	999	38
53545	takeda s.	-0.468	0.3759	5	426	1712	64
53551	takei k.	0.7362	0.0225	2	220	971	52
53559	takens f.	-1.0066	-0.1334	5	382	2298	108
53650	tamukoh h.	-0.2221	0.3828	3	321	1532	73
53660	tan c.	1.0835	-0.3228	2	286	1522	47
53690	tan m.	-0.0882	-0.3334	1	207	554	32
53728	tanaka g.	-0.1127	0.2466	6	750	14510	547
53731	tanaka h.	1.0005	0.344	2	418	3663	112
53738	tanaka s.	-0.3523	0.2733	3	338	1347	54
53770	tang h.	-0.0468	-0.4813	1	230	610	31
53779	tang j.	0.3333	-0.1131	2	441	1680	62
53856	taniguchi t.	0.3396	1.078	6	290	1942	65
53902	tao r.	-0.1828	-0.7751	1	253	620	37
54269	terabe k.	1.1512	0.7117	2	395	6483	180
54340	teuscher c.	0.28	0.3833	3	583	8403	213
54764	tian z.	-0.0758	-0.5369	1	277	725	42
54783	tibshirani r.	-0.6063	-0.4687	1	365	1231	62
54894	tino p.	-0.4739	-0.215	1	752	15141	610
55033	tokura y.	0.9085	0.6659	6	204	900	35
55123	tong s.	0.0293	-0.804	1	224	1202	60
55200	torrejon j.	0.2674	0.6766	6	455	3225	131
55429	trefzer m.a.	0.2762	0.5592	6	555	5761	162
55482	triesch j.	-0.4543	-0.1229	3	377	1907	72
55587	trzynadlowski a.m.	-0.2261	-0.523	1	348	898	41
55676	tseng t.y.	1.2993	-0.4118	2	326	2326	55
55707	tsodyks m.	-0.1326	0.4771	3	264	930	31
55731	tsuchiya t.	0.668	0.6197	2	194	674	37
55734	tsuda i.	-0.9581	0.5377	3	194	1332	42
55757	tsunegi s.	0.4137	0.6778	6	416	2317	67
55821	tufte g.	0.0143	0.7556	6	388	2064	81
55889	turitsyn s.	0.0072	0.7822	4	307	2204	81
56025	uchida a.	-0.2237	1.0193	4	640	19475	760
56183	uncini a.	-0.6783	-0.6434	1	324	1387	74
56294	uselis a.	-0.6812	-0.2377	5	291	958	36
56524	valov i.	1.6057	0.0072	2	285	1562	36
56552	van campenhout j.	-0.2544	0.267	3	732	12330	475
56616	van der maaten l.	-0.0358	-0.4262	1	202	508	33
56629	van der sande g.	-0.2602	1.0333	4	610	12953	501
56650	van der wiel w.g.	0.6456	0.5825	2	316	1284	43
56663	van dijken s.	1.0967	0.1553	2	410	2040	57
56783	van schaik a.	0.3637	-0.0032	3	178	565	30
56799	van vaerenbergh t.	0.2392	0.5262	4	267	975	38
56807	van waeyenberge b.	0.6832	1.1783	6	154	827	40
56875	vandoorne k.	-0.1389	0.8036	4	438	3905	176
56909	vapnik v.	-0.4967	-0.3382	1	420	1886	85
56951	vargas d.v.	-0.2984	0.2876	3	376	1533	32
57004	vasilaki e.	-0.3025	0.6211	6	274	1022	33
57152	venayagamoorthy g.k.	-0.3625	-0.8336	1	265	898	61
57194	ventura d.	0.0097	0.2055	3	334	1727	80
57300	verstraeten d.	-0.3576	0.1936	4	394	1596	69
57481	vinckier q.	-0.3768	1.1134	4	250	1380	55
57580	vitiello g.	-0.7796	0.7663	3	25	374	32
57739	von zuben f.j.	-0.7236	-0.24	1	251	1158	60
57824	vulpiani a.	-1.0138	0.4685	5	183	877	31
58073	wan q.	1.3383	-0.099	2	447	6896	195
58103	wang b.	-0.2327	-0.1511	1	296	665	30
58113	wang c.	0.1224	0.1241	4	583	4413	200
58129	wang d.	-0.1665	-0.4589	1	584	3800	168
58143	wang f.	0.068	-0.52	1	553	2337	100
58151	wang g.	0.5462	-0.1465	2	538	3065	111
58164	wang h.	0.4501	-0.3617	1	634	4586	201
58195	wang j.	0.0341	-0.6479	1	711	12871	571
58224	wang k.	0.2737	-0.034	1	401	1427	43
58240	wang l.	0.1	-0.4129	1	720	7135	311
58262	wang m.	0.1555	-0.464	1	363	1025	53
58277	wang p.	0.0409	-0.2659	1	403	1372	54
58281	wang q.	0.0596	-0.1387	1	385	1254	67
58288	wang r.	-0.0073	-0.1112	1	337	851	32
58304	wang s.	0.2208	-0.3047	1	618	4361	185
58330	wang t.	0.3878	-0.2539	1	455	1551	54
58338	wang w.	0.2215	-0.3868	1	673	5326	228
58366	wang x.	-0.1845	-0.1208	1	728	7505	307
58368	wang x. g.	-2.0867	0.6148	5	56	945	32
58374	wang x.-j.	-0.248	0.3899	3	291	1011	39
58397	wang y.	-0.092	-0.246	1	736	8564	400
58433	wang z.	0.2934	-0.3121	1	710	6965	242
58510	waser r.	1.3182	0.1324	2	319	1831	35
58745	wei q.	0.1896	-0.6089	1	306	1462	51
58800	weigend a.s.	-0.4257	0.0017	1	313	1003	43
58928	welling m.	-0.4318	-0.2534	3	230	697	38
59022	werbos p.j.	-0.29	-0.0908	3	612	4231	146
59027	wermter s.	-0.3463	-0.4464	1	247	902	64
59150	white h.	-0.8624	-0.2606	5	283	1039	41
59293	wikle c.k.	-0.5935	-0.5928	1	215	1057	93
59386	williams r.j.	-0.3619	-0.0455	3	563	2886	118
59387	williams r.s.	1.0861	0.224	2	541	8249	169
59660	wolfram s.	-0.3733	0.458	3	265	1690	58
59716	wong h.s.p.	1.1509	0.0644	2	503	4649	131
59926	wu c.	0.0403	-0.2746	1	301	660	30
59939	wu d.	0.4671	-0.3897	1	445	1839	50
59958	wu h.	0.9963	0.0489	2	706	18525	539
59973	wu j.	0.0198	-0.2342	1	486	1603	92
59983	wu l.	0.6879	-0.4281	2	309	1555	40
60007	wu q.	-0.2652	-0.0369	1	372	1306	43
60012	wu q.j.	-0.5638	-0.742	1	400	2083	81
60049	wu x.	0.0802	-0.1297	1	433	1382	55
60057	wu y.	0.3084	-0.1517	1	464	1454	56
60077	wu z.	-0.3353	0.0806	4	458	2534	100
60085	wu z.m.	-0.7902	1.1679	4	184	1258	41
60121	wyffels f.	-0.3605	0.7917	6	325	1732	51
60139	wysocki b.	0.3344	-0.1016	3	501	2350	70
60178	xia g.	-0.525	0.8912	4	237	1498	49
60181	xia g.q.	-0.5549	1.1687	4	183	1088	41
60199	xia q.	1.3142	-0.0757	2	415	3204	72
60209	xia x.	-0.2289	-0.7127	1	254	645	37
60356	xie y.	0.6334	-0.3305	2	405	1522	50
60436	xiong h.	-0.1542	-0.542	1	268	640	33
60481	xu b.	0.3502	-0.3248	1	350	885	33
60484	xu c.	-0.0365	-0.0017	1	287	696	30
60513	xu j.	0.3443	-0.2923	1	476	1697	54
60524	xu k.	0.0571	0.4828	4	276	2227	34
60527	xu l.	0.3037	0.0901	6	391	1455	61
60534	xu m.	-0.0558	-0.697	1	490	2433	112
60537	xu m.l.	-0.41	-1.0068	1	185	601	37
60554	xu w.	0.6915	-0.1653	2	548	3910	134
60562	xu x.	0.2083	-0.1202	1	522	2843	116
60573	xu y.	0.1032	-0.4528	1	436	1515	68
60579	xu z.	-0.1391	-0.1121	1	338	870	45
60761	yamamoto n.	-0.5128	0.7594	6	395	3690	123
60768	yamamoto y.	-0.373	1.0515	4	189	1052	38
60816	yan l.	-0.0681	0.4012	4	227	703	37
60838	yan x.	0.4897	-0.546	2	620	6430	195
60848	yan y.	0.7587	-0.3173	2	343	1195	36
60864	yanchuk s.	-0.4915	0.8627	4	428	4139	118
60873	yang b.	0.0277	-0.4644	1	258	579	31
60883	yang c.	-0.1275	-0.3544	1	436	2193	101
60925	yang h.	0.4988	-0.0333	2	672	6535	197
60943	yang j.	0.1226	-0.2041	1	594	2839	112
60949	yang j.j.	1.3865	0.1195	2	566	15145	348
60960	yang l.	-0.2337	-0.0844	1	498	2114	83
60978	yang q.	-0.1932	-0.6069	1	355	1504	58
60987	yang s.	-0.042	-0.6518	1	366	1214	62
61006	yang w.	0.1089	-0.2542	1	336	1055	43
61018	yang x.	-0.2414	-0.6267	1	330	1124	57
61034	yang y.	0.7916	-0.094	2	674	10397	311
61058	yang z.	0.0878	-0.6122	1	343	930	48
61084	yao j.	0.2258	0.4734	4	416	5047	62
61097	yao p.	0.567	0.0877	2	290	1054	34
61109	yao x.	-0.2048	-0.6892	1	433	2804	158
61112	yao x.s.	-0.2218	-0.5272	1	265	843	34
61341	yi y.	0.0583	-0.0304	3	682	11546	451
61378	yilmaz o.	-0.2774	0.3913	3	283	1926	57
61389	yin c.	-0.2377	-0.6568	1	270	1178	65
61399	yin h.	0.0592	0.449	4	262	952	34
61566	yorke j.a.	-1.1315	0.3049	5	370	3232	111
61594	yoshimura k.	-0.0991	0.451	6	615	5351	175
61675	young p.	-0.8229	-0.4159	1	332	1668	70
61742	yu h.	-0.054	-0.1422	1	332	1224	54
61753	yu j.	0.2569	-0.2486	1	485	2155	91
61764	yu k.	-0.2347	-0.2088	1	305	861	41
61792	yu s.	0.7707	-0.0863	2	473	2871	100
61801	yu w.	-0.1432	-0.4004	1	401	1418	71
61805	yu x.	0.1898	-0.1806	1	357	965	51
61814	yu y.	0.1317	-0.0049	1	309	745	30
61824	yu z.	-0.2677	-0.2575	1	561	2802	82
61867	yuan y.	0.0644	-0.5078	1	262	600	32
61918	yuen k.f.	-0.2431	-0.7952	1	322	1206	55
62108	zambrini r.	-0.5899	0.7904	6	444	7897	274
62324	zeng z.	0.468	0.0076	6	341	1351	59
62346	zerhouni n.	0.0014	-0.9251	1	308	2212	140
62382	zhai j.	-0.1147	-0.7011	1	328	1062	51
62411	zhang b.	0.3334	-0.5814	1	351	1010	53
62415	zhang c.	0.0471	-0.4043	1	507	2009	83
62421	zhang d.	0.1658	-0.4148	1	427	1430	57
62423	zhang d.w.	1.482	-0.3043	2	303	1772	45
62427	zhang f.	-0.0444	-0.3393	1	290	680	30
62432	zhang g.	0.5004	-0.4939	1	440	1718	71
62450	zhang h.	0.1609	-0.4785	1	677	7339	301
62474	zhang j.	0.0076	-0.2626	1	676	4994	249
62494	zhang k.	0.3183	-0.3845	1	501	2132	81
62500	zhang l.	-0.1641	-0.3376	1	557	2645	139
62515	zhang m.	-0.0326	-0.227	1	412	1492	76
62528	zhang p.	0.1341	-0.1608	1	337	863	36
62533	zhang q.	0.5634	-0.1779	2	519	2779	85
62543	zhang r.	-0.0293	-0.547	1	411	1652	112
62551	zhang s.	0.0525	-0.2489	1	505	1867	77
62560	zhang t.	0.3587	-0.2365	1	492	1960	69
62568	zhang w.	0.2574	-0.2593	1	636	4166	167
62590	zhang x.	0.243	-0.0618	1	694	9192	284
62617	zhang y.	0.1813	-0.2503	1	740	8875	382
62651	zhang z.	0.2385	-0.3098	1	591	3517	152
62679	zhao c.	0.4826	-0.2134	1	421	1531	48
62694	zhao h.	0.1662	-0.3703	1	423	1318	46
62701	zhao j.	0.2162	-0.1147	1	533	2302	78
62716	zhao l.	-0.2239	-0.0062	1	359	1700	47
62749	zhao w.	0.6825	0.2659	6	352	1829	64
62757	zhao x.	-0.196	-0.1902	1	464	1819	61
62768	zhao y.	0.4845	-0.1549	2	559	2396	88
62773	zhao z.	0.1896	-0.3857	1	377	944	35
62918	zhong y.	0.4254	0.1438	2	467	2383	91
62934	zhou c.	-0.3583	0.037	5	403	1737	65
62962	zhou h.	0.1217	-0.1686	1	456	1403	52
62974	zhou j.	0.1188	-0.3872	1	388	1137	57
62996	zhou p.	1.2012	-0.2002	2	401	4103	99
63022	zhou x.	0.2243	-0.4869	1	352	934	49
63027	zhou y.	0.893	-0.2317	2	558	4986	133
63058	zhu h.	-0.15	0.2929	4	343	1221	35
63097	zhu x.	0.021	-0.3914	1	322	813	45
63105	zhu y.	0.2383	-0.1932	1	375	938	42
63112	zhu z.	0.2721	-0.6459	1	261	596	30
63162	zibar d.	-0.0335	0.6871	4	257	1470	80
63226	zio e.	-0.0178	-0.757	1	281	2188	100
63228	zipser d.	-0.4313	-0.0353	3	396	1770	65
63231	zisserman a.	0.2452	-0.2525	3	337	1002	44
63310	zosso d.	0.0852	-0.5179	1	207	461	33
63335	zou x.	0.2276	0.5282	4	370	1649	61
